* ============================================================================
* PROVENANCE - VENDOR DATA, UNVERIFIED REDISTRIBUTION STATUS
* ============================================================================
* Content : ICsprout 55nm StarRC RC technology data
*           (CAPTAB capacitance table: kCaptabTyp.txt)
* Vendor  : ICsprout (foundry), delivered inside the proprietary ECOS iRCX
*           library libircx_ics55.so as XOR-ciphertext blobs.
* Origin  : decrypted by the upstream open-PDK project and published at
*           https://github.com/ckdur/icsprout55-openpdk
*           path hacking/decrypted_output/kCaptabTyp.txt
*           pinned commit 195870e61e9fa92d049df2daa4a7f5000c6aad3e (2026-10-08T15:20:54Z)
* License : Vendor (ICsprout). NOT Apache-2.0. These files are NOT part of the
*           released ICsprout PDK and were NOT obtained under a redistribution
*           grant. Included strictly for educational study and offline
*           comparison against the clean-room RC stack.
* Warning : Do not treat as signoff data. Do not redistribute. Use the
*           released LEFs plus independent extraction for production flows.
* Note    : Everything below this banner is byte-identical to the upstream
*           file; see ORIGIN.json for SHA-256 hashes of both.
* ============================================================================
A M1 OVER SUBSTRATE
0.090000 0.097861 0.012693
0.180000 0.056167 0.015503
0.225000 0.046748 0.016701
0.270000 0.040157 0.017801
0.315000 0.035238 0.018826
0.360000 0.031292 0.019777
0.405000 0.028072 0.020665
0.450000 0.025410 0.021501
0.540000 0.021248 0.023044
0.720000 0.015602 0.025664
0.900000 0.011880 0.027725
1.080000 0.009336 0.029403
A M2 OVER M1
0.100000 0.079492 0.029616
0.200000 0.040228 0.038307
0.250000 0.031558 0.041584
0.300000 0.025653 0.044361
0.350000 0.021296 0.046685
0.400000 0.017920 0.048598
0.450000 0.015312 0.050237
0.500000 0.013251 0.051654
0.600000 0.010235 0.053984
0.800000 0.006513 0.056985
1.000000 0.004485 0.058773
1.200000 0.003293 0.059982
A M2 OVER SUBSTRATE
0.100000 0.089515 0.011261
0.200000 0.051564 0.013527
0.250000 0.043115 0.014463
0.300000 0.037236 0.015310
0.350000 0.032802 0.016083
0.400000 0.029279 0.016791
0.450000 0.026450 0.017451
0.500000 0.024119 0.018069
0.600000 0.020483 0.019208
0.800000 0.015453 0.021127
1.000000 0.012167 0.022700
1.200000 0.009878 0.024030
A M3 OVER M2
0.100000 0.079438 0.029694
0.200000 0.040151 0.038432
0.250000 0.031474 0.041729
0.300000 0.025563 0.044524
0.350000 0.021204 0.046862
0.400000 0.017828 0.048786
0.450000 0.015223 0.050430
0.500000 0.013168 0.051850
0.600000 0.010168 0.054178
0.800000 0.006487 0.057155
1.000000 0.004498 0.058909
1.200000 0.003336 0.060091
A M3 OVER M1
0.100000 0.088440 0.012804
0.200000 0.049892 0.016058
0.250000 0.041162 0.017500
0.300000 0.035025 0.018845
0.350000 0.030364 0.020094
0.400000 0.026649 0.021246
0.450000 0.023659 0.022318
0.500000 0.021200 0.023316
0.600000 0.017392 0.025116
0.800000 0.012278 0.027938
1.000000 0.009131 0.030006
1.200000 0.007090 0.031583
A M3 OVER SUBSTRATE
0.100000 0.090039 0.010534
0.200000 0.052237 0.012436
0.250000 0.043842 0.013204
0.300000 0.038009 0.013890
0.350000 0.033617 0.014510
0.400000 0.030136 0.015074
0.450000 0.027348 0.015594
0.500000 0.025057 0.016079
0.600000 0.021497 0.016963
0.800000 0.016603 0.018442
1.000000 0.013417 0.019658
1.200000 0.011185 0.020704
A M4 OVER M3
0.100000 0.079275 0.029973
0.200000 0.039974 0.038820
0.250000 0.031308 0.042153
0.300000 0.025419 0.044968
0.350000 0.021088 0.047313
0.400000 0.017744 0.049231
0.450000 0.015173 0.050863
0.500000 0.013153 0.052265
0.600000 0.010221 0.054548
0.800000 0.006636 0.057439
1.000000 0.004693 0.059141
1.200000 0.003540 0.060302
A M4 OVER M2
0.100000 0.088282 0.013075
0.200000 0.049723 0.016438
0.250000 0.041003 0.017918
0.300000 0.034884 0.019292
0.350000 0.030246 0.020559
0.400000 0.026557 0.021720
0.450000 0.023596 0.022794
0.500000 0.021166 0.023788
0.600000 0.017419 0.025568
0.800000 0.012402 0.028327
1.000000 0.009320 0.030333
1.200000 0.007315 0.031863
A M4 OVER M1
0.100000 0.089512 0.011313
0.200000 0.051500 0.013646
0.250000 0.043015 0.014624
0.300000 0.037101 0.015515
0.350000 0.032637 0.016331
0.400000 0.029091 0.017080
0.450000 0.026245 0.017777
0.500000 0.023903 0.018428
0.600000 0.020260 0.019619
0.800000 0.015259 0.021589
1.000000 0.012032 0.023163
1.200000 0.009811 0.024467
A M4 OVER SUBSTRATE
0.100000 0.090108 0.010494
0.200000 0.052405 0.012322
0.250000 0.044073 0.013035
0.300000 0.038310 0.013655
0.350000 0.033991 0.014201
0.400000 0.030581 0.014685
0.450000 0.027864 0.015121
0.500000 0.025642 0.015517
0.600000 0.022212 0.016223
0.800000 0.017523 0.017361
1.000000 0.014474 0.018281
1.200000 0.012327 0.019080
A M5 OVER M4
0.100000 0.089462 0.031351
0.200000 0.047449 0.040067
0.250000 0.037979 0.043337
0.300000 0.031466 0.046108
0.350000 0.026616 0.048434
0.400000 0.022822 0.050366
0.450000 0.019855 0.052038
0.500000 0.017480 0.053503
0.600000 0.013927 0.055967
0.800000 0.009356 0.059334
1.000000 0.006699 0.061505
1.200000 0.005043 0.063057
A M5 OVER M3
0.100000 0.098488 0.014430
0.200000 0.057215 0.017666
0.250000 0.047693 0.019082
0.300000 0.040960 0.020395
0.350000 0.035823 0.021611
0.400000 0.031712 0.022731
0.450000 0.028393 0.023774
0.500000 0.025652 0.024748
0.600000 0.021382 0.026517
0.800000 0.015562 0.029354
1.000000 0.011884 0.031516
1.200000 0.009419 0.033232
A M5 OVER M2
0.100000 0.099723 0.012659
0.200000 0.058997 0.014867
0.250000 0.049711 0.015781
0.300000 0.043183 0.016611
0.350000 0.038221 0.017374
0.400000 0.034256 0.018077
0.450000 0.031056 0.018735
0.500000 0.028408 0.019356
0.600000 0.024257 0.020506
0.800000 0.018497 0.022466
1.000000 0.014721 0.024091
1.200000 0.012083 0.025478
A M5 OVER M1
0.100000 0.100128 0.012102
0.200000 0.059610 0.013966
0.250000 0.050427 0.014699
0.300000 0.043999 0.015345
0.350000 0.039132 0.015925
0.400000 0.035256 0.016449
0.450000 0.032139 0.016932
0.500000 0.029568 0.017382
0.600000 0.025549 0.018207
0.800000 0.019975 0.019617
1.000000 0.016295 0.020815
1.200000 0.013685 0.021876
A M5 OVER SUBSTRATE
0.100000 0.100450 0.011663
0.200000 0.060094 0.013269
0.250000 0.050991 0.013867
0.300000 0.044645 0.014374
0.350000 0.039858 0.014812
0.400000 0.036061 0.015196
0.450000 0.033020 0.015537
0.500000 0.030523 0.015845
0.600000 0.026646 0.016391
0.800000 0.021314 0.017274
1.000000 0.017821 0.018002
1.200000 0.015345 0.018652
A TM OVER M5
0.400000 0.113869 0.024465
0.800000 0.060095 0.032094
1.000000 0.048253 0.035221
1.200000 0.040118 0.037978
1.400000 0.034069 0.040382
1.600000 0.029333 0.042456
1.800000 0.025613 0.044290
2.000000 0.022618 0.045925
2.400000 0.018105 0.048730
3.200000 0.012184 0.052761
4.000000 0.008611 0.055536
4.800000 0.006293 0.057618
A TM OVER M4
0.400000 0.117410 0.018595
0.800000 0.064064 0.023949
1.000000 0.052248 0.026244
1.200000 0.044056 0.028328
1.400000 0.037913 0.030208
1.600000 0.033064 0.031892
1.800000 0.029206 0.033423
2.000000 0.026062 0.034824
2.400000 0.021239 0.037303
3.200000 0.014762 0.041109
4.000000 0.010724 0.043913
4.800000 0.008031 0.046106
A TM OVER M3
0.400000 0.119065 0.015992
0.800000 0.066166 0.020100
1.000000 0.054480 0.021870
1.200000 0.046367 0.023493
1.400000 0.040265 0.024981
1.600000 0.035434 0.026339
1.800000 0.031567 0.027596
2.000000 0.028394 0.028764
2.400000 0.023477 0.030881
3.200000 0.016761 0.034301
4.000000 0.012464 0.036964
4.800000 0.009531 0.039130
A TM OVER M2
0.400000 0.120003 0.014589
0.800000 0.067438 0.017943
1.000000 0.055874 0.019370
1.200000 0.047853 0.020677
1.400000 0.041820 0.021883
1.600000 0.037038 0.022994
1.800000 0.033201 0.024031
2.000000 0.030043 0.025006
2.400000 0.025118 0.026802
3.200000 0.018319 0.029816
4.000000 0.013887 0.032272
4.800000 0.010805 0.034338
A TM OVER M1
0.400000 0.120586 0.013741
0.800000 0.068265 0.016606
1.000000 0.056800 0.017798
1.200000 0.048862 0.018883
1.400000 0.042896 0.019882
1.600000 0.038169 0.020806
1.800000 0.034374 0.021672
2.000000 0.031245 0.022491
2.400000 0.026351 0.024018
3.200000 0.019547 0.026656
4.000000 0.015053 0.028886
4.800000 0.011882 0.030819
A TM OVER SUBSTRATE
0.400000 0.121247 0.012802
0.800000 0.069239 0.015093
1.000000 0.057914 0.015997
1.200000 0.050102 0.016799
1.400000 0.044248 0.017526
1.600000 0.039617 0.018194
1.800000 0.035905 0.018818
2.000000 0.032844 0.019410
2.400000 0.028050 0.020526
3.200000 0.021340 0.022534
4.000000 0.016838 0.024332
4.800000 0.013597 0.025971
A RDL OVER TM
2.000000 0.026988 0.113190
4.000000 0.008248 0.126594
5.000000 0.005198 0.129654
6.000000 0.003425 0.131353
7.000000 0.002396 0.132346
8.000000 0.001780 0.133007
9.000000 0.001387 0.133483
10.000000 0.001120 0.133852
12.000000 0.000767 0.134239
16.000000 0.000441 0.134581
20.000000 0.000293 0.134767
24.000000 0.000208 0.134860
A RDL OVER M5
2.000000 0.039677 0.037929
4.000000 0.017158 0.047578
5.000000 0.012252 0.050987
6.000000 0.008904 0.053525
7.000000 0.006602 0.055417
8.000000 0.005011 0.056861
9.000000 0.003888 0.057979
10.000000 0.003082 0.058866
12.000000 0.001981 0.059944
16.000000 0.000987 0.060959
20.000000 0.000601 0.061467
24.000000 0.000399 0.061692
A RDL OVER M4
2.000000 0.041444 0.032708
4.000000 0.018722 0.041496
5.000000 0.013646 0.044755
6.000000 0.010121 0.047274
7.000000 0.007640 0.049220
8.000000 0.005883 0.050747
9.000000 0.004615 0.051957
10.000000 0.003686 0.052930
12.000000 0.002392 0.054166
16.000000 0.001183 0.055382
20.000000 0.000708 0.055993
24.000000 0.000462 0.056265
A RDL OVER M3
2.000000 0.042947 0.028820
4.000000 0.020104 0.036861
5.000000 0.014907 0.039956
6.000000 0.011248 0.042423
7.000000 0.008628 0.044384
8.000000 0.006735 0.045961
9.000000 0.005342 0.047235
10.000000 0.004302 0.048277
12.000000 0.002828 0.049651
16.000000 0.001403 0.051062
20.000000 0.000829 0.051781
24.000000 0.000532 0.052103
A RDL OVER M2
2.000000 0.044180 0.025817
4.000000 0.021285 0.033208
5.000000 0.016008 0.036136
6.000000 0.012255 0.038529
7.000000 0.009531 0.040476
8.000000 0.007530 0.042074
9.000000 0.006035 0.043388
10.000000 0.004902 0.044478
12.000000 0.003270 0.045963
16.000000 0.001637 0.047553
20.000000 0.000961 0.048377
24.000000 0.000610 0.048753
A RDL OVER M1
2.000000 0.045228 0.023433
4.000000 0.022319 0.030257
5.000000 0.016988 0.033026
6.000000 0.013168 0.035334
7.000000 0.010363 0.037249
8.000000 0.008277 0.038848
9.000000 0.006698 0.040184
10.000000 0.005485 0.041306
12.000000 0.003712 0.042881
16.000000 0.001884 0.044631
20.000000 0.001104 0.045557
24.000000 0.000695 0.045988
A RDL OVER SUBSTRATE
2.000000 0.046925 0.019874
4.000000 0.024058 0.025757
5.000000 0.018668 0.028231
6.000000 0.014763 0.030359
7.000000 0.011850 0.032179
8.000000 0.009640 0.033741
9.000000 0.007932 0.035081
10.000000 0.006593 0.036233
12.000000 0.004587 0.037931
16.000000 0.002406 0.039948
20.000000 0.001418 0.041063
24.000000 0.000887 0.041608
B M1 OVER SUBSTRATE UNDER M2
0.090000 0.087813 0.030532
0.180000 0.044198 0.040557
0.225000 0.034249 0.044552
0.270000 0.027367 0.048009
0.315000 0.022339 0.051015
0.360000 0.018380 0.053531
0.405000 0.015251 0.055659
0.450000 0.012771 0.057496
0.540000 0.009150 0.060486
0.720000 0.004901 0.064423
0.900000 0.002676 0.066492
1.080000 0.001514 0.067733
B M1 OVER SUBSTRATE UNDER M3
0.090000 0.096191 0.015032
0.180000 0.053629 0.019350
0.225000 0.043797 0.021325
0.270000 0.036816 0.023198
0.315000 0.031539 0.024980
0.360000 0.027270 0.026647
0.405000 0.023764 0.028206
0.450000 0.020854 0.029670
0.540000 0.016302 0.032330
0.720000 0.010264 0.036591
0.900000 0.006542 0.039555
1.080000 0.004243 0.041667
B M1 OVER SUBSTRATE UNDER M4
0.090000 0.097210 0.013582
0.180000 0.055143 0.016991
0.225000 0.045532 0.018513
0.270000 0.038747 0.019949
0.315000 0.033638 0.021315
0.360000 0.029508 0.022604
0.405000 0.026112 0.023825
0.450000 0.023285 0.024987
0.540000 0.018822 0.027150
0.720000 0.012724 0.030827
0.900000 0.008750 0.033643
1.080000 0.006117 0.035828
B M1 OVER SUBSTRATE UNDER M5
0.090000 0.097507 0.013173
0.180000 0.055611 0.016304
0.225000 0.046085 0.017676
0.270000 0.039385 0.018959
0.315000 0.034357 0.020172
0.360000 0.030303 0.021312
0.405000 0.026977 0.022388
0.450000 0.024213 0.023412
0.540000 0.019854 0.025322
0.720000 0.013876 0.028612
0.900000 0.009918 0.031207
1.080000 0.007226 0.033294
B M1 OVER SUBSTRATE UNDER TM
0.090000 0.097727 0.012874
0.180000 0.055957 0.015802
0.225000 0.046498 0.017064
0.270000 0.039866 0.018232
0.315000 0.034905 0.019326
0.360000 0.030917 0.020348
0.405000 0.027655 0.021307
0.450000 0.024952 0.022215
0.540000 0.020707 0.023900
0.720000 0.014909 0.026795
0.900000 0.011058 0.029097
1.080000 0.008411 0.030982
B M1 OVER SUBSTRATE UNDER RDL
0.090000 0.097802 0.012772
0.180000 0.056076 0.015633
0.225000 0.046639 0.016858
0.270000 0.040030 0.017988
0.315000 0.035094 0.019042
0.360000 0.031129 0.020024
0.405000 0.027891 0.020942
0.450000 0.025211 0.021809
0.540000 0.021012 0.023413
0.720000 0.015299 0.026152
0.900000 0.011517 0.028320
1.080000 0.008923 0.030092
B M2 OVER M1 UNDER M3
0.100000 0.068740 0.049565
0.200000 0.027793 0.065716
0.250000 0.018908 0.071493
0.300000 0.013144 0.076048
0.350000 0.009176 0.079466
0.400000 0.006370 0.081880
0.450000 0.004453 0.083672
0.500000 0.003140 0.085010
0.600000 0.001608 0.086817
0.800000 0.000399 0.088183
1.000000 0.000107 0.088542
1.200000 0.000034 0.088713
B M2 OVER M1 UNDER M4
0.100000 0.077633 0.032253
0.200000 0.037424 0.042631
0.250000 0.028343 0.046719
0.300000 0.022089 0.050243
0.350000 0.017456 0.053217
0.400000 0.013881 0.055662
0.450000 0.011141 0.057733
0.500000 0.009009 0.059491
0.600000 0.005995 0.062272
0.800000 0.002660 0.065424
1.000000 0.001210 0.066908
1.200000 0.000580 0.067716
B M2 OVER M1 UNDER M5
0.100000 0.078801 0.030569
0.200000 0.039129 0.039922
0.250000 0.030260 0.043541
0.300000 0.024167 0.046651
0.350000 0.019643 0.049285
0.400000 0.016123 0.051476
0.450000 0.013394 0.053361
0.500000 0.011234 0.054994
0.600000 0.008079 0.057670
0.800000 0.004291 0.061024
1.000000 0.002368 0.062880
1.200000 0.001358 0.064024
B M2 OVER M1 UNDER TM
0.100000 0.079315 0.029858
0.200000 0.039942 0.038719
0.250000 0.031217 0.042086
0.300000 0.025257 0.044953
0.350000 0.020849 0.047364
0.400000 0.017425 0.049358
0.450000 0.014773 0.051072
0.500000 0.012672 0.052560
0.600000 0.009587 0.055014
0.800000 0.005773 0.058191
1.000000 0.003698 0.060082
1.200000 0.002489 0.061352
B M2 OVER M1 UNDER RDL
0.100000 0.079428 0.029704
0.200000 0.040125 0.038456
0.250000 0.031435 0.041765
0.300000 0.025510 0.044574
0.350000 0.021134 0.046929
0.400000 0.017740 0.048872
0.450000 0.015116 0.050538
0.500000 0.013040 0.051981
0.600000 0.009998 0.054357
0.800000 0.006237 0.057426
1.000000 0.004184 0.059259
1.200000 0.002977 0.060500
B M2 OVER SUBSTRATE UNDER M3
0.100000 0.078552 0.031470
0.200000 0.038770 0.041458
0.250000 0.029874 0.045325
0.300000 0.023788 0.048617
0.350000 0.019291 0.051367
0.400000 0.015813 0.053616
0.450000 0.013139 0.055522
0.500000 0.011041 0.057153
0.600000 0.008008 0.059787
0.800000 0.004387 0.063020
1.000000 0.002533 0.064808
1.200000 0.001527 0.065936
B M2 OVER SUBSTRATE UNDER M4
0.100000 0.087528 0.014060
0.200000 0.048583 0.018090
0.250000 0.039671 0.019924
0.300000 0.033362 0.021656
0.350000 0.028538 0.023281
0.400000 0.024669 0.024790
0.450000 0.021536 0.026203
0.500000 0.018944 0.027525
0.600000 0.014906 0.029916
0.800000 0.009473 0.033640
1.000000 0.006182 0.036290
1.200000 0.004128 0.038216
B M2 OVER SUBSTRATE UNDER M5
0.100000 0.088728 0.012338
0.200000 0.050334 0.015318
0.250000 0.041659 0.016639
0.300000 0.035554 0.017882
0.350000 0.030899 0.019054
0.400000 0.027164 0.020157
0.450000 0.024133 0.021206
0.500000 0.021612 0.022206
0.600000 0.017630 0.024074
0.800000 0.012083 0.027227
1.000000 0.008493 0.029727
1.200000 0.006075 0.031719
B M2 OVER SUBSTRATE UNDER TM
0.100000 0.089281 0.011577
0.200000 0.051200 0.014046
0.250000 0.042683 0.015092
0.300000 0.036733 0.016054
0.350000 0.032228 0.016945
0.400000 0.028634 0.017773
0.450000 0.025734 0.018553
0.500000 0.023332 0.019294
0.600000 0.019557 0.020678
0.800000 0.014272 0.023065
1.000000 0.010769 0.025061
1.200000 0.008305 0.026759
B M2 OVER SUBSTRATE UNDER RDL
0.100000 0.089420 0.011389
0.200000 0.051417 0.013736
0.250000 0.042941 0.014716
0.300000 0.037034 0.015608
0.350000 0.032571 0.016427
0.400000 0.029020 0.017182
0.450000 0.026162 0.017889
0.500000 0.023803 0.018555
0.600000 0.020111 0.019790
0.800000 0.014975 0.021896
1.000000 0.011592 0.023644
1.200000 0.009217 0.025133
B M3 OVER M2 UNDER M4
0.100000 0.068740 0.049565
0.200000 0.027793 0.065716
0.250000 0.018908 0.071493
0.300000 0.013144 0.076048
0.350000 0.009176 0.079466
0.400000 0.006370 0.081880
0.450000 0.004453 0.083672
0.500000 0.003140 0.085010
0.600000 0.001608 0.086817
0.800000 0.000399 0.088183
1.000000 0.000107 0.088542
1.200000 0.000034 0.088713
B M3 OVER M2 UNDER M5
0.100000 0.077633 0.032253
0.200000 0.037424 0.042631
0.250000 0.028343 0.046719
0.300000 0.022089 0.050243
0.350000 0.017456 0.053217
0.400000 0.013881 0.055662
0.450000 0.011141 0.057733
0.500000 0.009009 0.059491
0.600000 0.005995 0.062272
0.800000 0.002660 0.065424
1.000000 0.001210 0.066908
1.200000 0.000580 0.067716
B M3 OVER M2 UNDER TM
0.100000 0.079183 0.030042
0.200000 0.039737 0.039027
0.250000 0.030978 0.042456
0.300000 0.024987 0.045383
0.350000 0.020552 0.047847
0.400000 0.017107 0.049889
0.450000 0.014438 0.051644
0.500000 0.012324 0.053166
0.600000 0.009225 0.055673
0.800000 0.005417 0.058896
1.000000 0.003375 0.060785
1.200000 0.002207 0.062033
B M3 OVER M2 UNDER RDL
0.100000 0.079360 0.029802
0.200000 0.040024 0.038614
0.250000 0.031322 0.041951
0.300000 0.025387 0.044786
0.350000 0.021005 0.047163
0.400000 0.017608 0.049122
0.450000 0.014983 0.050800
0.500000 0.012909 0.052251
0.600000 0.009877 0.054635
0.800000 0.006148 0.057694
1.000000 0.004130 0.059504
1.200000 0.002948 0.060723
B M3 OVER M1 UNDER M4
0.100000 0.077612 0.032830
0.200000 0.037287 0.043714
0.250000 0.028148 0.048016
0.300000 0.021858 0.051704
0.350000 0.017207 0.054792
0.400000 0.013627 0.057308
0.450000 0.010897 0.059419
0.500000 0.008782 0.061198
0.600000 0.005814 0.063986
0.800000 0.002560 0.067094
1.000000 0.001161 0.068534
1.200000 0.000555 0.069316
B M3 OVER M1 UNDER M5
0.100000 0.086567 0.015446
0.200000 0.047065 0.020391
0.250000 0.037891 0.022693
0.300000 0.031344 0.024883
0.350000 0.026316 0.026936
0.400000 0.022280 0.028832
0.450000 0.019018 0.030589
0.500000 0.016332 0.032213
0.600000 0.012205 0.035077
0.800000 0.006892 0.039232
1.000000 0.003952 0.041867
1.200000 0.002318 0.043581
B M3 OVER M1 UNDER TM
0.100000 0.088150 0.013196
0.200000 0.049431 0.016718
0.250000 0.040608 0.018308
0.300000 0.034376 0.019808
0.350000 0.029620 0.021217
0.400000 0.025810 0.022528
0.450000 0.022727 0.023760
0.500000 0.020176 0.024917
0.600000 0.016196 0.027025
0.800000 0.010794 0.030388
1.000000 0.007444 0.032878
1.200000 0.005277 0.034766
B M3 OVER M1 UNDER RDL
0.100000 0.088343 0.012934
0.200000 0.049740 0.016275
0.250000 0.040981 0.017765
0.300000 0.034813 0.019159
0.350000 0.030121 0.020459
0.400000 0.026375 0.021662
0.450000 0.023355 0.022785
0.500000 0.020866 0.023834
0.600000 0.017000 0.025734
0.800000 0.011783 0.028738
1.000000 0.008551 0.030959
1.200000 0.006443 0.032663
B M3 OVER SUBSTRATE UNDER M4
0.100000 0.079077 0.030734
0.200000 0.039447 0.040343
0.250000 0.030596 0.044049
0.300000 0.024538 0.047204
0.350000 0.020055 0.049844
0.400000 0.016580 0.052011
0.450000 0.013899 0.053856
0.500000 0.011787 0.055442
0.600000 0.008712 0.058025
0.800000 0.004985 0.061264
1.000000 0.003024 0.063113
1.200000 0.001923 0.064313
B M3 OVER SUBSTRATE UNDER M5
0.100000 0.088062 0.013314
0.200000 0.049273 0.016956
0.250000 0.040416 0.018612
0.300000 0.034151 0.020177
0.350000 0.029364 0.021649
0.400000 0.025525 0.023021
0.450000 0.022418 0.024309
0.500000 0.019845 0.025518
0.600000 0.015830 0.027720
0.800000 0.010393 0.031210
1.000000 0.007044 0.033766
1.200000 0.004898 0.035682
B M3 OVER SUBSTRATE UNDER TM
0.100000 0.089684 0.011013
0.200000 0.051687 0.013219
0.250000 0.043189 0.014151
0.300000 0.037250 0.015009
0.350000 0.032751 0.015805
0.400000 0.029164 0.016549
0.450000 0.026268 0.017251
0.500000 0.023871 0.017919
0.600000 0.020101 0.019174
0.800000 0.014822 0.021366
1.000000 0.011309 0.023233
1.200000 0.008816 0.024854
B M3 OVER SUBSTRATE UNDER RDL
0.100000 0.089907 0.010712
0.200000 0.052035 0.012723
0.250000 0.043604 0.013548
0.300000 0.037733 0.014294
0.350000 0.033305 0.014975
0.400000 0.029787 0.015600
0.450000 0.026961 0.016183
0.500000 0.024632 0.016730
0.600000 0.020998 0.017742
0.800000 0.015961 0.019470
1.000000 0.012640 0.020926
1.200000 0.010287 0.022199
B M4 OVER M3 UNDER M5
0.100000 0.068740 0.049565
0.200000 0.027793 0.065716
0.250000 0.018908 0.071493
0.300000 0.013144 0.076048
0.350000 0.009176 0.079466
0.400000 0.006370 0.081880
0.450000 0.004453 0.083672
0.500000 0.003140 0.085010
0.600000 0.001608 0.086817
0.800000 0.000399 0.088183
1.000000 0.000107 0.088542
1.200000 0.000034 0.088713
B M4 OVER M3 UNDER TM
0.100000 0.078824 0.030590
0.200000 0.039253 0.039869
0.250000 0.030451 0.043426
0.300000 0.024431 0.046464
0.350000 0.019979 0.049019
0.400000 0.016528 0.051128
0.450000 0.013862 0.052935
0.500000 0.011758 0.054494
0.600000 0.008692 0.057044
0.800000 0.004971 0.060264
1.000000 0.003011 0.062111
1.200000 0.001909 0.063312
B M4 OVER M3 UNDER RDL
0.100000 0.079175 0.030108
0.200000 0.039815 0.039049
0.250000 0.031118 0.042431
0.300000 0.025198 0.045296
0.350000 0.020838 0.047689
0.400000 0.017467 0.049652
0.450000 0.014871 0.051325
0.500000 0.012828 0.052766
0.600000 0.009854 0.055119
0.800000 0.006209 0.058113
1.000000 0.004227 0.059885
1.200000 0.003048 0.061095
B M4 OVER M2 UNDER M5
0.100000 0.077612 0.032830
0.200000 0.037287 0.043714
0.250000 0.028148 0.048016
0.300000 0.021858 0.051704
0.350000 0.017207 0.054792
0.400000 0.013627 0.057308
0.450000 0.010897 0.059419
0.500000 0.008782 0.061198
0.600000 0.005814 0.063986
0.800000 0.002560 0.067094
1.000000 0.001161 0.068534
1.200000 0.000555 0.069316
B M4 OVER M2 UNDER TM
0.100000 0.087785 0.013751
0.200000 0.048936 0.017575
0.250000 0.040064 0.019306
0.300000 0.033792 0.020938
0.350000 0.029003 0.022467
0.400000 0.025166 0.023886
0.450000 0.022063 0.025215
0.500000 0.019498 0.026458
0.600000 0.015503 0.028713
0.800000 0.010108 0.032256
1.000000 0.006800 0.034826
1.200000 0.004691 0.036738
B M4 OVER M2 UNDER RDL
0.100000 0.088160 0.013239
0.200000 0.049531 0.016711
0.250000 0.040773 0.018251
0.300000 0.034617 0.019686
0.350000 0.029941 0.021017
0.400000 0.026213 0.022241
0.450000 0.023214 0.023377
0.500000 0.020747 0.024434
0.600000 0.016928 0.026338
0.800000 0.011781 0.029321
1.000000 0.008593 0.031517
1.200000 0.006503 0.033206
B M4 OVER M1 UNDER M5
0.100000 0.078766 0.031166
0.200000 0.038958 0.041066
0.250000 0.030022 0.044921
0.300000 0.023885 0.048218
0.350000 0.019335 0.050988
0.400000 0.015804 0.053267
0.450000 0.013080 0.055210
0.500000 0.010935 0.056877
0.600000 0.007824 0.059581
0.800000 0.004127 0.062901
1.000000 0.002270 0.064708
1.200000 0.001300 0.065816
B M4 OVER M1 UNDER TM
0.100000 0.088974 0.012043
0.200000 0.050658 0.014857
0.250000 0.042015 0.016096
0.300000 0.035940 0.017256
0.350000 0.031316 0.018348
0.400000 0.027613 0.019372
0.450000 0.024612 0.020345
0.500000 0.022120 0.021270
0.600000 0.018192 0.023000
0.800000 0.012715 0.025936
1.000000 0.009144 0.028300
1.200000 0.006703 0.030224
B M4 OVER M1 UNDER RDL
0.100000 0.089369 0.011505
0.200000 0.051279 0.013959
0.250000 0.042753 0.015003
0.300000 0.036797 0.015962
0.350000 0.032291 0.016847
0.400000 0.028702 0.017667
0.450000 0.025813 0.018434
0.500000 0.023428 0.019157
0.600000 0.019700 0.020492
0.800000 0.014539 0.022740
1.000000 0.011168 0.024571
1.200000 0.008822 0.026108
B M4 OVER SUBSTRATE UNDER M5
0.100000 0.079244 0.030503
0.200000 0.039705 0.039959
0.250000 0.030897 0.043589
0.300000 0.024877 0.046671
0.350000 0.020427 0.049244
0.400000 0.016979 0.051353
0.450000 0.014320 0.053149
0.500000 0.012223 0.054692
0.600000 0.009165 0.057212
0.800000 0.005427 0.060401
1.000000 0.003421 0.062260
1.200000 0.002264 0.063494
B M4 OVER SUBSTRATE UNDER TM
0.100000 0.089492 0.011328
0.200000 0.051459 0.013678
0.250000 0.042958 0.014670
0.300000 0.037023 0.015577
0.350000 0.032532 0.016416
0.400000 0.028955 0.017192
0.450000 0.026072 0.017922
0.500000 0.023687 0.018613
0.600000 0.019945 0.019903
0.800000 0.014706 0.022135
1.000000 0.011218 0.024024
1.200000 0.008741 0.025658
B M4 OVER SUBSTRATE UNDER RDL
0.100000 0.089922 0.010744
0.200000 0.052125 0.012718
0.250000 0.043745 0.013508
0.300000 0.037932 0.014207
0.350000 0.033564 0.014833
0.400000 0.030106 0.015397
0.450000 0.027340 0.015913
0.500000 0.025069 0.016391
0.600000 0.021541 0.017261
0.800000 0.016663 0.018724
1.000000 0.013436 0.019961
1.200000 0.011123 0.021065
B M5 OVER M4 UNDER TM
0.100000 0.088487 0.032687
0.200000 0.045902 0.042317
0.250000 0.036146 0.046067
0.300000 0.029360 0.049312
0.350000 0.024261 0.052090
0.400000 0.020248 0.054435
0.450000 0.017091 0.056485
0.500000 0.014554 0.058289
0.600000 0.010764 0.061319
0.800000 0.006026 0.065338
1.000000 0.003475 0.067723
1.200000 0.002063 0.069254
B M5 OVER M4 UNDER RDL
0.100000 0.089317 0.031549
0.200000 0.047219 0.040398
0.250000 0.037705 0.043739
0.300000 0.031148 0.046581
0.350000 0.026256 0.048978
0.400000 0.022423 0.050976
0.450000 0.019419 0.052711
0.500000 0.017008 0.054238
0.600000 0.013393 0.056812
0.800000 0.008728 0.060352
1.000000 0.006010 0.062643
1.200000 0.004316 0.064279
B M5 OVER M3 UNDER TM
0.100000 0.097450 0.015845
0.200000 0.055579 0.020032
0.250000 0.045749 0.021965
0.300000 0.038708 0.023811
0.350000 0.033271 0.025563
0.400000 0.028877 0.027210
0.450000 0.025291 0.028768
0.500000 0.022301 0.030239
0.600000 0.017599 0.032936
0.800000 0.011204 0.037232
1.000000 0.007285 0.040351
1.200000 0.004825 0.042634
B M5 OVER M3 UNDER RDL
0.100000 0.098315 0.014664
0.200000 0.056946 0.018050
0.250000 0.047373 0.019548
0.300000 0.040588 0.020946
0.350000 0.035398 0.022250
0.400000 0.031234 0.023459
0.450000 0.027863 0.024591
0.500000 0.025070 0.025654
0.600000 0.020699 0.027600
0.800000 0.014698 0.030765
1.000000 0.010869 0.033212
1.200000 0.008285 0.035168
B M5 OVER M2 UNDER TM
0.100000 0.098634 0.014143
0.200000 0.057295 0.017324
0.250000 0.047692 0.018767
0.300000 0.040847 0.020144
0.350000 0.035574 0.021461
0.400000 0.031311 0.022716
0.450000 0.027824 0.023921
0.500000 0.024905 0.025079
0.600000 0.020265 0.027262
0.800000 0.013772 0.030980
1.000000 0.009571 0.033935
1.200000 0.006758 0.036275
B M5 OVER M2 UNDER RDL
0.100000 0.099526 0.012927
0.200000 0.058694 0.015298
0.250000 0.049353 0.016300
0.300000 0.042768 0.017222
0.350000 0.037749 0.018079
0.400000 0.033727 0.018879
0.450000 0.030468 0.019635
0.500000 0.027762 0.020355
0.600000 0.023496 0.021705
0.800000 0.017517 0.024058
1.000000 0.013546 0.026051
1.200000 0.010737 0.027774
B M5 OVER M1 UNDER TM
0.100000 0.098990 0.013650
0.200000 0.057845 0.016509
0.250000 0.048338 0.017781
0.300000 0.041587 0.018985
0.350000 0.036403 0.020129
0.400000 0.032221 0.021217
0.450000 0.028809 0.022261
0.500000 0.025956 0.023265
0.600000 0.021424 0.025166
0.800000 0.015046 0.028465
1.000000 0.010847 0.031176
1.200000 0.007960 0.033404
B M5 OVER M1 UNDER RDL
0.100000 0.099905 0.012403
0.200000 0.059274 0.014443
0.250000 0.050031 0.015270
0.300000 0.043543 0.016014
0.350000 0.038615 0.016694
0.400000 0.034679 0.017320
0.450000 0.031500 0.017906
0.500000 0.028867 0.018461
0.600000 0.024725 0.019500
0.800000 0.018913 0.021334
1.000000 0.015012 0.022944
1.200000 0.012201 0.024397
B M5 OVER SUBSTRATE UNDER TM
0.100000 0.099231 0.013319
0.200000 0.058221 0.015962
0.250000 0.048784 0.017117
0.300000 0.042103 0.018198
0.350000 0.036989 0.019218
0.400000 0.032875 0.020182
0.450000 0.029529 0.021101
0.500000 0.026739 0.021982
0.600000 0.022323 0.023645
0.800000 0.016121 0.026534
1.000000 0.012023 0.028938
1.200000 0.009168 0.030957
B M5 OVER SUBSTRATE UNDER RDL
0.100000 0.100182 0.012024
0.200000 0.059695 0.013832
0.250000 0.050527 0.014536
0.300000 0.044113 0.015152
0.350000 0.039259 0.015701
0.400000 0.035395 0.016196
0.450000 0.032287 0.016650
0.500000 0.029722 0.017072
0.600000 0.025710 0.017849
0.800000 0.020117 0.019196
1.000000 0.016376 0.020381
1.200000 0.013668 0.021477
B TM OVER M5 UNDER RDL
0.400000 0.104907 0.038648
0.800000 0.048347 0.053310
1.000000 0.035576 0.059391
1.200000 0.026820 0.064669
1.400000 0.020418 0.069095
1.600000 0.015568 0.072673
1.800000 0.011947 0.075619
2.000000 0.009221 0.078036
2.400000 0.005586 0.081661
3.200000 0.002005 0.085237
4.000000 0.000741 0.086609
4.800000 0.000299 0.087290
B TM OVER M4 UNDER RDL
0.400000 0.108411 0.032823
0.800000 0.052258 0.045246
1.000000 0.039470 0.050573
1.200000 0.030584 0.055318
1.400000 0.023981 0.059426
1.600000 0.018883 0.062878
1.800000 0.014974 0.065821
2.000000 0.011944 0.068319
2.400000 0.007714 0.072239
3.200000 0.003184 0.076552
4.000000 0.001344 0.078467
4.800000 0.000603 0.079469
B TM OVER M3 UNDER RDL
0.400000 0.110039 0.030253
0.800000 0.054322 0.041449
1.000000 0.041643 0.046288
1.200000 0.032798 0.050640
1.400000 0.026181 0.054463
1.600000 0.021025 0.057736
1.800000 0.017020 0.060578
2.000000 0.013865 0.063038
2.400000 0.009343 0.067009
3.200000 0.004238 0.071698
4.000000 0.001963 0.073994
4.800000 0.000954 0.075259
B TM OVER M2 UNDER RDL
0.400000 0.110955 0.028878
0.800000 0.055565 0.039331
1.000000 0.042997 0.043848
1.200000 0.034222 0.047924
1.400000 0.027639 0.051527
1.600000 0.022485 0.054643
1.800000 0.018454 0.057376
2.000000 0.015250 0.059769
2.400000 0.010584 0.063703
3.200000 0.005130 0.068570
4.000000 0.002542 0.071118
4.800000 0.001311 0.072586
B TM OVER M1 UNDER RDL
0.400000 0.111519 0.028054
0.800000 0.056367 0.038027
1.000000 0.043890 0.042323
1.200000 0.035184 0.046201
1.400000 0.028646 0.049639
1.600000 0.023516 0.052625
1.800000 0.019488 0.055260
2.000000 0.016270 0.057585
2.400000 0.011536 0.061450
3.200000 0.005871 0.066386
4.000000 0.003062 0.069099
4.800000 0.001655 0.070718
B TM OVER SUBSTRATE UNDER RDL
0.400000 0.112147 0.027159
0.800000 0.057299 0.036571
1.000000 0.044952 0.040593
1.200000 0.036355 0.044218
1.400000 0.029903 0.047431
1.600000 0.024831 0.050231
1.800000 0.020839 0.052714
2.000000 0.017634 0.054919
2.400000 0.012871 0.058632
3.200000 0.007007 0.063555
4.000000 0.003934 0.066433
4.800000 0.002282 0.068246
