* ============================================================================
* PROVENANCE - VENDOR DATA, UNVERIFIED REDISTRIBUTION STATUS
* ============================================================================
* Content : ICsprout 55nm StarRC RC technology data
*           (CAPTAB capacitance table: kCaptabRcworst.txt)
* Vendor  : ICsprout (foundry), delivered inside the proprietary ECOS iRCX
*           library libircx_ics55.so as XOR-ciphertext blobs.
* Origin  : decrypted by the upstream open-PDK project and published at
*           https://github.com/ckdur/icsprout55-openpdk
*           path hacking/decrypted_output/kCaptabRcworst.txt
*           pinned commit 195870e61e9fa92d049df2daa4a7f5000c6aad3e (2026-10-08T15:20:54Z)
* License : Vendor (ICsprout). NOT Apache-2.0. These files are NOT part of the
*           released ICsprout PDK and were NOT obtained under a redistribution
*           grant. Included strictly for educational study and offline
*           comparison against the clean-room RC stack.
* Warning : Do not treat as signoff data. Do not redistribute. Use the
*           released LEFs plus independent extraction for production flows.
* Note    : Everything below this banner is byte-identical to the upstream
*           file; see ORIGIN.json for SHA-256 hashes of both.
* ============================================================================
A M1 OVER SUBSTRATE
0.090000 0.091228 0.013012
0.180000 0.052493 0.016026
0.225000 0.043658 0.017316
0.270000 0.037451 0.018503
0.315000 0.032804 0.019609
0.360000 0.029062 0.020633
0.405000 0.026002 0.021585
0.450000 0.023470 0.022479
0.540000 0.019507 0.024118
0.720000 0.014144 0.026859
0.900000 0.010635 0.028958
1.080000 0.008269 0.030628
A M2 OVER M1
0.100000 0.072692 0.032135
0.200000 0.036427 0.041230
0.250000 0.028429 0.044564
0.300000 0.023003 0.047353
0.350000 0.019009 0.049657
0.400000 0.015922 0.051525
0.450000 0.013550 0.053109
0.500000 0.011684 0.054467
0.600000 0.008970 0.056675
0.800000 0.005658 0.059451
1.000000 0.003880 0.061062
1.200000 0.002846 0.062137
A M2 OVER SUBSTRATE
0.100000 0.083500 0.011477
0.200000 0.048322 0.013877
0.250000 0.040422 0.014873
0.300000 0.034904 0.015776
0.350000 0.030725 0.016602
0.400000 0.027392 0.017359
0.450000 0.024709 0.018064
0.500000 0.022494 0.018726
0.600000 0.019030 0.019942
0.800000 0.014228 0.021973
1.000000 0.011099 0.023609
1.200000 0.008936 0.024968
A M3 OVER M2
0.100000 0.072630 0.032227
0.200000 0.036342 0.041374
0.250000 0.028337 0.044729
0.300000 0.022907 0.047535
0.350000 0.018914 0.049850
0.400000 0.015832 0.051725
0.450000 0.013466 0.053312
0.500000 0.011609 0.054669
0.600000 0.008918 0.056868
0.800000 0.005655 0.059608
1.000000 0.003916 0.061183
1.200000 0.002908 0.062233
A M3 OVER M1
0.100000 0.082226 0.013308
0.200000 0.046371 0.016854
0.250000 0.038169 0.018419
0.300000 0.032386 0.019871
0.350000 0.027984 0.021209
0.400000 0.024472 0.022432
0.450000 0.021650 0.023559
0.500000 0.019331 0.024601
0.600000 0.015758 0.026456
0.800000 0.010995 0.029289
1.000000 0.008108 0.031302
1.200000 0.006262 0.032805
A M3 OVER SUBSTRATE
0.100000 0.084082 0.010648
0.200000 0.049050 0.012649
0.250000 0.041203 0.013462
0.300000 0.035732 0.014190
0.350000 0.031600 0.014849
0.400000 0.028314 0.015449
0.450000 0.025677 0.016002
0.500000 0.023506 0.016518
0.600000 0.020126 0.017461
0.800000 0.015465 0.019029
1.000000 0.012424 0.020309
1.200000 0.010299 0.021399
A M4 OVER M3
0.100000 0.072457 0.032538
0.200000 0.036173 0.041792
0.250000 0.028190 0.045174
0.300000 0.022793 0.047991
0.350000 0.018837 0.050303
0.400000 0.015793 0.052163
0.450000 0.013467 0.053727
0.500000 0.011649 0.055059
0.600000 0.009027 0.057205
0.800000 0.005846 0.059864
1.000000 0.004134 0.061402
1.200000 0.003118 0.062446
A M4 OVER M2
0.100000 0.082059 0.013611
0.200000 0.046209 0.017264
0.250000 0.038026 0.018864
0.300000 0.032271 0.020338
0.350000 0.027901 0.021687
0.400000 0.024422 0.022910
0.450000 0.021633 0.024032
0.500000 0.019349 0.025062
0.600000 0.015840 0.026887
0.800000 0.011171 0.029646
1.000000 0.008337 0.031598
1.200000 0.006513 0.033063
A M4 OVER M1
0.100000 0.083482 0.011547
0.200000 0.048227 0.014033
0.250000 0.040286 0.015079
0.300000 0.034733 0.016031
0.350000 0.030527 0.016904
0.400000 0.027175 0.017702
0.450000 0.024481 0.018443
0.500000 0.022261 0.019134
0.600000 0.018805 0.020394
0.800000 0.014056 0.022452
1.000000 0.011003 0.024067
1.200000 0.008916 0.025385
A M4 OVER SUBSTRATE
0.100000 0.084173 0.010594
0.200000 0.049272 0.012492
0.250000 0.041504 0.013233
0.300000 0.036117 0.013877
0.350000 0.032069 0.014445
0.400000 0.028864 0.014948
0.450000 0.026305 0.015401
0.500000 0.024209 0.015816
0.600000 0.020964 0.016556
0.800000 0.016500 0.017757
1.000000 0.013580 0.018734
1.200000 0.011517 0.019582
A M5 OVER M4
0.100000 0.082564 0.033786
0.200000 0.043510 0.042905
0.250000 0.034709 0.046236
0.300000 0.028671 0.049029
0.350000 0.024180 0.051352
0.400000 0.020668 0.053261
0.450000 0.017928 0.054905
0.500000 0.015737 0.056339
0.600000 0.012471 0.058734
0.800000 0.008292 0.061953
1.000000 0.005888 0.063985
1.200000 0.004406 0.065417
A M5 OVER M3
0.100000 0.092187 0.014834
0.200000 0.053565 0.018357
0.250000 0.044571 0.019894
0.300000 0.038194 0.021314
0.350000 0.033318 0.022620
0.400000 0.029412 0.023814
0.450000 0.026259 0.024920
0.500000 0.023657 0.025945
0.600000 0.019614 0.027791
0.800000 0.014128 0.030692
1.000000 0.010694 0.032852
1.200000 0.008416 0.034536
A M5 OVER M2
0.100000 0.093616 0.012763
0.200000 0.055588 0.015120
0.250000 0.046836 0.016103
0.300000 0.040662 0.016999
0.350000 0.035952 0.017824
0.400000 0.032179 0.018585
0.450000 0.029126 0.019297
0.500000 0.026597 0.019968
0.600000 0.022627 0.021208
0.800000 0.017115 0.023298
1.000000 0.013514 0.025001
1.200000 0.011015 0.026431
A M5 OVER M1
0.100000 0.094086 0.012112
0.200000 0.056297 0.014068
0.250000 0.047660 0.014844
0.300000 0.041596 0.015531
0.350000 0.036989 0.016150
0.400000 0.033309 0.016712
0.450000 0.030343 0.017232
0.500000 0.027891 0.017718
0.600000 0.024049 0.018613
0.800000 0.018700 0.020140
1.000000 0.015162 0.021431
1.200000 0.012657 0.022561
A M5 OVER SUBSTRATE
0.100000 0.094453 0.011610
0.200000 0.056848 0.013269
0.250000 0.048304 0.013888
0.300000 0.042332 0.014416
0.350000 0.037815 0.014874
0.400000 0.034223 0.015275
0.450000 0.031341 0.015634
0.500000 0.028970 0.015961
0.600000 0.025279 0.016544
0.800000 0.020179 0.017500
1.000000 0.016820 0.018296
1.200000 0.014432 0.019006
A TM OVER M5
0.400000 0.104606 0.026233
0.800000 0.055022 0.034343
1.000000 0.044065 0.037597
1.200000 0.036544 0.040433
1.400000 0.030946 0.042880
1.600000 0.026560 0.044968
1.800000 0.023117 0.046803
2.000000 0.020347 0.048431
2.400000 0.016173 0.051211
3.200000 0.010696 0.055160
4.000000 0.007408 0.057832
4.800000 0.005299 0.059802
A TM OVER M4
0.400000 0.108409 0.019617
0.800000 0.059123 0.025369
1.000000 0.048130 0.027805
1.200000 0.040499 0.029999
1.400000 0.034762 0.031962
1.600000 0.030225 0.033706
1.800000 0.026615 0.035282
2.000000 0.023671 0.036718
2.400000 0.019157 0.039246
3.200000 0.013094 0.043076
4.000000 0.009334 0.045847
4.800000 0.006854 0.047975
A TM OVER M3
0.400000 0.110248 0.016635
0.800000 0.061382 0.021048
1.000000 0.050494 0.022941
1.200000 0.042911 0.024671
1.400000 0.037189 0.026250
1.600000 0.032644 0.027683
1.800000 0.029000 0.029004
2.000000 0.026006 0.030228
2.400000 0.021361 0.032437
3.200000 0.015012 0.035962
4.000000 0.010968 0.038659
4.800000 0.008234 0.040811
A TM OVER M2
0.400000 0.111313 0.015009
0.800000 0.062786 0.018591
1.000000 0.052011 0.020119
1.200000 0.044506 0.021521
1.400000 0.038837 0.022811
1.600000 0.034325 0.023999
1.800000 0.030696 0.025106
2.000000 0.027701 0.026145
2.400000 0.023020 0.028055
3.200000 0.016544 0.031227
4.000000 0.012336 0.033767
4.800000 0.009435 0.035864
A TM OVER M1
0.400000 0.111984 0.014019
0.800000 0.063714 0.017052
1.000000 0.053038 0.018325
1.200000 0.045611 0.019488
1.400000 0.040002 0.020563
1.600000 0.035537 0.021558
1.800000 0.031939 0.022492
2.000000 0.028964 0.023377
2.400000 0.024293 0.025025
3.200000 0.017778 0.027852
4.000000 0.013481 0.030204
4.800000 0.010471 0.032204
A TM OVER SUBSTRATE
0.400000 0.112752 0.012915
0.800000 0.064827 0.015292
1.000000 0.054298 0.016243
1.200000 0.047000 0.017095
1.400000 0.041501 0.017876
1.600000 0.037127 0.018599
1.800000 0.033605 0.019281
2.000000 0.030689 0.019931
2.400000 0.026095 0.021165
3.200000 0.019627 0.023382
4.000000 0.015279 0.025344
4.800000 0.012163 0.027098
A RDL OVER TM
2.000000 0.023355 0.124051
4.000000 0.006757 0.136731
5.000000 0.004227 0.139386
6.000000 0.002791 0.140796
7.000000 0.001973 0.141596
8.000000 0.001485 0.142127
9.000000 0.001172 0.142511
10.000000 0.000956 0.142811
12.000000 0.000667 0.143129
16.000000 0.000390 0.143419
20.000000 0.000261 0.143578
24.000000 0.000185 0.143659
A RDL OVER M5
2.000000 0.035700 0.041735
4.000000 0.014839 0.051718
5.000000 0.010398 0.055057
6.000000 0.007422 0.057442
7.000000 0.005422 0.059155
8.000000 0.004071 0.060428
9.000000 0.003139 0.061394
10.000000 0.002481 0.062151
12.000000 0.001595 0.063039
16.000000 0.000812 0.063848
20.000000 0.000505 0.064256
24.000000 0.000341 0.064439
A RDL OVER M4
2.000000 0.037475 0.035982
4.000000 0.016342 0.045169
5.000000 0.011701 0.048413
6.000000 0.008525 0.050829
7.000000 0.006336 0.052632
8.000000 0.004819 0.054009
9.000000 0.003747 0.055077
10.000000 0.002975 0.055924
12.000000 0.001919 0.056958
16.000000 0.000961 0.057937
20.000000 0.000586 0.058427
24.000000 0.000390 0.058646
A RDL OVER M3
2.000000 0.038998 0.031688
4.000000 0.017687 0.040163
5.000000 0.012898 0.043286
6.000000 0.009567 0.045692
7.000000 0.007224 0.047545
8.000000 0.005565 0.048995
9.000000 0.004368 0.050143
10.000000 0.003491 0.051066
12.000000 0.002270 0.052235
16.000000 0.001129 0.053385
20.000000 0.000678 0.053964
24.000000 0.000444 0.054222
A RDL OVER M2
2.000000 0.040259 0.028362
4.000000 0.018850 0.036204
5.000000 0.013957 0.039192
6.000000 0.010513 0.041559
7.000000 0.008051 0.043428
8.000000 0.006276 0.044924
9.000000 0.004973 0.046129
10.000000 0.004004 0.047110
12.000000 0.002632 0.048396
16.000000 0.001311 0.049709
20.000000 0.000779 0.050377
24.000000 0.000503 0.050677
A RDL OVER M1
2.000000 0.041339 0.025715
4.000000 0.019878 0.032996
5.000000 0.014912 0.035848
6.000000 0.011382 0.038158
7.000000 0.008825 0.040022
8.000000 0.006955 0.041542
9.000000 0.005562 0.042785
10.000000 0.004511 0.043812
12.000000 0.003002 0.045197
16.000000 0.001505 0.046663
20.000000 0.000888 0.047420
24.000000 0.000567 0.047765
A RDL OVER SUBSTRATE
2.000000 0.043108 0.021748
4.000000 0.021629 0.028082
5.000000 0.016571 0.030668
6.000000 0.012926 0.032838
7.000000 0.010235 0.034651
8.000000 0.008220 0.036174
9.000000 0.006684 0.037455
10.000000 0.005498 0.038536
12.000000 0.003753 0.040073
16.000000 0.001926 0.041810
20.000000 0.001132 0.042739
24.000000 0.000713 0.043178
B M1 OVER SUBSTRATE UNDER M2
0.090000 0.080299 0.033186
0.180000 0.039775 0.043867
0.225000 0.030513 0.048004
0.270000 0.024129 0.051529
0.315000 0.019488 0.054554
0.360000 0.015849 0.057038
0.405000 0.012993 0.059103
0.450000 0.010749 0.060862
0.540000 0.007514 0.063671
0.720000 0.003825 0.067238
0.900000 0.001976 0.068994
1.080000 0.001061 0.070001
B M1 OVER SUBSTRATE UNDER M3
0.090000 0.089269 0.015778
0.180000 0.049549 0.020543
0.225000 0.040261 0.022715
0.270000 0.033637 0.024766
0.315000 0.028616 0.026703
0.360000 0.024548 0.028496
0.405000 0.021210 0.030154
0.450000 0.018446 0.031695
0.540000 0.014150 0.034447
0.720000 0.008554 0.038700
0.900000 0.005217 0.041494
1.080000 0.003241 0.043393
B M1 OVER SUBSTRATE UNDER M4
0.090000 0.090461 0.014064
0.180000 0.051288 0.017787
0.225000 0.042231 0.019456
0.270000 0.035804 0.021032
0.315000 0.030943 0.022529
0.360000 0.026999 0.023934
0.405000 0.023750 0.025256
0.450000 0.021042 0.026508
0.540000 0.016773 0.028811
0.720000 0.010991 0.032624
0.900000 0.007301 0.035418
1.080000 0.004928 0.037500
B M1 OVER SUBSTRATE UNDER M5
0.090000 0.090814 0.013576
0.180000 0.051839 0.016970
0.225000 0.042880 0.018466
0.270000 0.036547 0.019866
0.315000 0.031775 0.021190
0.360000 0.027911 0.022430
0.405000 0.024732 0.023596
0.450000 0.022087 0.024702
0.540000 0.017913 0.026747
0.720000 0.012211 0.030198
0.900000 0.008488 0.032827
1.080000 0.006010 0.034872
B M1 OVER SUBSTRATE UNDER TM
0.090000 0.091073 0.013222
0.180000 0.052248 0.016376
0.225000 0.043366 0.017741
0.270000 0.037111 0.019007
0.315000 0.032415 0.020194
0.360000 0.028625 0.021299
0.405000 0.025517 0.022333
0.450000 0.022937 0.023309
0.540000 0.018882 0.025110
0.720000 0.013353 0.028154
0.900000 0.009712 0.030508
1.080000 0.007243 0.032388
B M1 OVER SUBSTRATE UNDER RDL
0.090000 0.091160 0.013103
0.180000 0.052387 0.016177
0.225000 0.043532 0.017500
0.270000 0.037304 0.018721
0.315000 0.032635 0.019861
0.360000 0.028873 0.020919
0.405000 0.025792 0.021907
0.450000 0.023239 0.022836
0.540000 0.019236 0.024545
0.720000 0.013797 0.027418
0.900000 0.010226 0.029632
1.080000 0.007806 0.031400
B M2 OVER M1 UNDER M3
0.100000 0.061091 0.054610
0.200000 0.023388 0.071439
0.250000 0.015389 0.077105
0.300000 0.010342 0.081401
0.350000 0.006966 0.084484
0.400000 0.004652 0.086543
0.450000 0.003132 0.088012
0.500000 0.002131 0.089073
0.600000 0.001024 0.090462
0.800000 0.000220 0.091425
1.000000 0.000052 0.091643
1.200000 0.000016 0.091748
B M2 OVER M1 UNDER M4
0.100000 0.070512 0.035255
0.200000 0.033199 0.046281
0.250000 0.024775 0.050499
0.300000 0.019009 0.054070
0.350000 0.014771 0.057019
0.400000 0.011531 0.059384
0.450000 0.009084 0.061346
0.500000 0.007208 0.062978
0.600000 0.004621 0.065491
0.800000 0.001890 0.068160
1.000000 0.000795 0.069312
1.200000 0.000356 0.069912
B M2 OVER M1 UNDER M5
0.100000 0.071869 0.033273
0.200000 0.035131 0.043147
0.250000 0.026911 0.046870
0.300000 0.021282 0.050027
0.350000 0.017115 0.052662
0.400000 0.013888 0.054815
0.450000 0.011403 0.056644
0.500000 0.009452 0.058207
0.600000 0.006638 0.060725
0.800000 0.003349 0.063749
1.000000 0.001754 0.065330
1.200000 0.000957 0.066267
B M2 OVER M1 UNDER TM
0.100000 0.072481 0.032423
0.200000 0.036089 0.041720
0.250000 0.028027 0.045158
0.300000 0.022539 0.048049
0.350000 0.018488 0.050449
0.400000 0.015350 0.052406
0.450000 0.012930 0.054070
0.500000 0.011023 0.055501
0.600000 0.008241 0.057836
0.800000 0.004845 0.060779
1.000000 0.003033 0.062478
1.200000 0.001996 0.063597
B M2 OVER M1 UNDER RDL
0.100000 0.072616 0.032238
0.200000 0.036305 0.041406
0.250000 0.028284 0.044778
0.300000 0.022835 0.047604
0.350000 0.018820 0.049942
0.400000 0.015714 0.051842
0.450000 0.013324 0.053456
0.500000 0.011443 0.054841
0.600000 0.008702 0.057096
0.800000 0.005352 0.059940
1.000000 0.003551 0.061593
1.200000 0.002503 0.062697
B M2 OVER SUBSTRATE UNDER M3
0.100000 0.071653 0.034251
0.200000 0.034806 0.044803
0.250000 0.026571 0.048762
0.300000 0.020967 0.052077
0.350000 0.016844 0.054799
0.400000 0.013671 0.056981
0.450000 0.011251 0.058807
0.500000 0.009366 0.060350
0.600000 0.006667 0.062809
0.800000 0.003510 0.065727
1.000000 0.001944 0.067273
1.200000 0.001125 0.068219
B M2 OVER SUBSTRATE UNDER M4
0.100000 0.081181 0.014775
0.200000 0.044887 0.019208
0.250000 0.036485 0.021216
0.300000 0.030514 0.023101
0.350000 0.025935 0.024854
0.400000 0.022257 0.026466
0.450000 0.019282 0.027960
0.500000 0.016827 0.029344
0.600000 0.013022 0.031811
0.800000 0.007978 0.035519
1.000000 0.005012 0.038035
1.200000 0.003225 0.039795
B M2 OVER SUBSTRATE UNDER M5
0.100000 0.082575 0.012747
0.200000 0.046882 0.015988
0.250000 0.038722 0.017432
0.300000 0.032948 0.018792
0.350000 0.028524 0.020072
0.400000 0.024960 0.021273
0.450000 0.022060 0.022411
0.500000 0.019643 0.023490
0.600000 0.015828 0.025489
0.800000 0.010541 0.028780
1.000000 0.007181 0.031293
1.200000 0.004975 0.033225
B M2 OVER SUBSTRATE UNDER TM
0.100000 0.083229 0.011843
0.200000 0.047899 0.014481
0.250000 0.039919 0.015606
0.300000 0.034319 0.016643
0.350000 0.030058 0.017607
0.400000 0.026644 0.018502
0.450000 0.023879 0.019346
0.500000 0.021584 0.020147
0.600000 0.017964 0.021642
0.800000 0.012885 0.024189
1.000000 0.009533 0.026274
1.200000 0.007201 0.028008
B M2 OVER SUBSTRATE UNDER RDL
0.100000 0.083391 0.011625
0.200000 0.048152 0.014119
0.250000 0.040220 0.015165
0.300000 0.034670 0.016121
0.350000 0.030458 0.017000
0.400000 0.027093 0.017811
0.450000 0.024378 0.018570
0.500000 0.022130 0.019286
0.600000 0.018603 0.020612
0.800000 0.013682 0.022851
1.000000 0.010449 0.024678
1.200000 0.008196 0.026206
B M3 OVER M2 UNDER M4
0.100000 0.061091 0.054610
0.200000 0.023388 0.071439
0.250000 0.015389 0.077105
0.300000 0.010342 0.081401
0.350000 0.006966 0.084484
0.400000 0.004652 0.086543
0.450000 0.003132 0.088012
0.500000 0.002131 0.089073
0.600000 0.001024 0.090462
0.800000 0.000220 0.091425
1.000000 0.000052 0.091643
1.200000 0.000016 0.091748
B M3 OVER M2 UNDER M5
0.100000 0.070512 0.035255
0.200000 0.033199 0.046281
0.250000 0.024775 0.050499
0.300000 0.019009 0.054070
0.350000 0.014771 0.057019
0.400000 0.011531 0.059384
0.450000 0.009084 0.061346
0.500000 0.007208 0.062978
0.600000 0.004621 0.065491
0.800000 0.001890 0.068160
1.000000 0.000795 0.069312
1.200000 0.000356 0.069912
B M3 OVER M2 UNDER TM
0.100000 0.072325 0.032642
0.200000 0.035850 0.042083
0.250000 0.027751 0.045591
0.300000 0.022231 0.048546
0.350000 0.018153 0.051003
0.400000 0.014995 0.053006
0.450000 0.012562 0.054710
0.500000 0.010646 0.056173
0.600000 0.007857 0.058552
0.800000 0.004485 0.061520
1.000000 0.002719 0.063200
1.200000 0.001731 0.064285
B M3 OVER M2 UNDER RDL
0.100000 0.072536 0.032354
0.200000 0.036192 0.041590
0.250000 0.028158 0.044991
0.300000 0.022701 0.047842
0.350000 0.018683 0.050200
0.400000 0.015576 0.052114
0.450000 0.013189 0.053737
0.500000 0.011313 0.055127
0.600000 0.008589 0.057384
0.800000 0.005278 0.060206
1.000000 0.003513 0.061832
1.200000 0.002488 0.062915
B M3 OVER M1 UNDER M4
0.100000 0.070531 0.035877
0.200000 0.033070 0.047463
0.250000 0.024585 0.051894
0.300000 0.018788 0.055618
0.350000 0.014538 0.058665
0.400000 0.011302 0.061082
0.450000 0.008870 0.063068
0.500000 0.007017 0.064708
0.600000 0.004478 0.067213
0.800000 0.001820 0.069834
1.000000 0.000764 0.070949
1.200000 0.000342 0.071531
B M3 OVER M1 UNDER M5
0.100000 0.080030 0.016433
0.200000 0.043102 0.021933
0.250000 0.034418 0.024466
0.300000 0.028204 0.026850
0.350000 0.023431 0.029056
0.400000 0.019608 0.031058
0.450000 0.016533 0.032886
0.500000 0.014019 0.034549
0.600000 0.010208 0.037417
0.800000 0.005447 0.041360
1.000000 0.002948 0.043694
1.200000 0.001640 0.045136
B M3 OVER M1 UNDER TM
0.100000 0.081885 0.013771
0.200000 0.045825 0.017636
0.250000 0.037514 0.019376
0.300000 0.031620 0.021010
0.350000 0.027108 0.022533
0.400000 0.023489 0.023939
0.450000 0.020561 0.025248
0.500000 0.018142 0.026467
0.600000 0.014381 0.028663
0.800000 0.009326 0.032061
1.000000 0.006256 0.034484
1.200000 0.004316 0.036266
B M3 OVER M1 UNDER RDL
0.100000 0.082113 0.013461
0.200000 0.046193 0.017109
0.250000 0.037956 0.018730
0.300000 0.032137 0.020240
0.350000 0.027700 0.021637
0.400000 0.024153 0.022917
0.450000 0.021296 0.024103
0.500000 0.018944 0.025202
0.600000 0.015306 0.027168
0.800000 0.010432 0.030197
1.000000 0.007459 0.032369
1.200000 0.005546 0.033999
B M3 OVER SUBSTRATE UNDER M4
0.100000 0.072242 0.033403
0.200000 0.035540 0.043543
0.250000 0.027344 0.047336
0.300000 0.021758 0.050516
0.350000 0.017640 0.053134
0.400000 0.014461 0.055245
0.450000 0.012025 0.057021
0.500000 0.010117 0.058532
0.600000 0.007364 0.060962
0.800000 0.004081 0.063920
1.000000 0.002398 0.065547
1.200000 0.001478 0.066579
B M3 OVER SUBSTRATE UNDER M5
0.100000 0.081779 0.013915
0.200000 0.045640 0.017921
0.250000 0.037290 0.019735
0.300000 0.031360 0.021442
0.350000 0.026816 0.023035
0.400000 0.023168 0.024504
0.450000 0.020215 0.025872
0.500000 0.017775 0.027145
0.600000 0.013984 0.029432
0.800000 0.008908 0.032945
1.000000 0.005852 0.035415
1.200000 0.003948 0.037205
B M3 OVER SUBSTRATE UNDER TM
0.100000 0.083672 0.011201
0.200000 0.048412 0.013557
0.250000 0.040445 0.014562
0.300000 0.034852 0.015490
0.350000 0.030596 0.016355
0.400000 0.027188 0.017162
0.450000 0.024428 0.017925
0.500000 0.022136 0.018652
0.600000 0.018522 0.020014
0.800000 0.013444 0.022373
1.000000 0.010071 0.024346
1.200000 0.007697 0.026023
B M3 OVER SUBSTRATE UNDER RDL
0.100000 0.083931 0.010851
0.200000 0.048819 0.012977
0.250000 0.040931 0.013856
0.300000 0.035417 0.014652
0.350000 0.031242 0.015382
0.400000 0.027914 0.016052
0.450000 0.025234 0.016677
0.500000 0.023020 0.017265
0.600000 0.019556 0.018352
0.800000 0.014734 0.020202
1.000000 0.011547 0.021746
1.200000 0.009291 0.023082
B M4 OVER M3 UNDER M5
0.100000 0.061091 0.054610
0.200000 0.023388 0.071439
0.250000 0.015389 0.077105
0.300000 0.010342 0.081401
0.350000 0.006966 0.084484
0.400000 0.004652 0.086543
0.450000 0.003132 0.088012
0.500000 0.002131 0.089073
0.600000 0.001024 0.090462
0.800000 0.000220 0.091425
1.000000 0.000052 0.091643
1.200000 0.000016 0.091748
B M4 OVER M3 UNDER TM
0.100000 0.071920 0.033274
0.200000 0.035319 0.043038
0.250000 0.027182 0.046679
0.300000 0.021640 0.049744
0.350000 0.017555 0.052285
0.400000 0.014399 0.054347
0.450000 0.011977 0.056092
0.500000 0.010079 0.057582
0.600000 0.007336 0.059985
0.800000 0.004062 0.062926
1.000000 0.002381 0.064552
1.200000 0.001460 0.065584
B M4 OVER M3 UNDER RDL
0.100000 0.072339 0.032698
0.200000 0.035984 0.042063
0.250000 0.027965 0.045503
0.300000 0.022534 0.048376
0.350000 0.018546 0.050740
0.400000 0.015473 0.052649
0.450000 0.013119 0.054258
0.500000 0.011277 0.055631
0.600000 0.008612 0.057850
0.800000 0.005371 0.060612
1.000000 0.003623 0.062216
1.200000 0.002586 0.063303
B M4 OVER M2 UNDER M5
0.100000 0.070531 0.035877
0.200000 0.033070 0.047463
0.250000 0.024585 0.051894
0.300000 0.018788 0.055618
0.350000 0.014538 0.058665
0.400000 0.011302 0.061082
0.450000 0.008870 0.063068
0.500000 0.007017 0.064708
0.600000 0.004478 0.067213
0.800000 0.001820 0.069834
1.000000 0.000764 0.070949
1.200000 0.000342 0.071531
B M4 OVER M2 UNDER TM
0.100000 0.081472 0.014413
0.200000 0.045280 0.018611
0.250000 0.036920 0.020504
0.300000 0.030989 0.022278
0.350000 0.026448 0.023927
0.400000 0.022805 0.025443
0.450000 0.019861 0.026849
0.500000 0.017432 0.028153
0.600000 0.013665 0.030486
0.800000 0.008635 0.034039
1.000000 0.005624 0.036512
1.200000 0.003758 0.038290
B M4 OVER M2 UNDER RDL
0.100000 0.081917 0.013804
0.200000 0.045984 0.017585
0.250000 0.037758 0.019254
0.300000 0.031958 0.020799
0.350000 0.027544 0.022221
0.400000 0.024021 0.023517
0.450000 0.021189 0.024710
0.500000 0.018863 0.025812
0.600000 0.015273 0.027774
0.800000 0.010465 0.030776
1.000000 0.007523 0.032926
1.200000 0.005617 0.034549
B M4 OVER M1 UNDER M5
0.100000 0.071871 0.033919
0.200000 0.034964 0.044401
0.250000 0.026674 0.048362
0.300000 0.021006 0.051696
0.350000 0.016820 0.054450
0.400000 0.013591 0.056673
0.450000 0.011119 0.058541
0.500000 0.009188 0.060125
0.600000 0.006424 0.062650
0.800000 0.003222 0.065628
1.000000 0.001683 0.067163
1.200000 0.000918 0.068070
B M4 OVER M1 UNDER TM
0.100000 0.082853 0.012404
0.200000 0.047242 0.015456
0.250000 0.039117 0.016807
0.300000 0.033379 0.018073
0.350000 0.028990 0.019263
0.400000 0.025461 0.020376
0.450000 0.022595 0.021429
0.500000 0.020210 0.022429
0.600000 0.016447 0.024283
0.800000 0.011215 0.027365
1.000000 0.007848 0.029770
1.200000 0.005593 0.031666
B M4 OVER M1 UNDER RDL
0.100000 0.083318 0.011769
0.200000 0.047971 0.014396
0.250000 0.039983 0.015517
0.300000 0.034381 0.016549
0.350000 0.030125 0.017501
0.400000 0.026725 0.018380
0.450000 0.023982 0.019202
0.500000 0.021713 0.019975
0.600000 0.018161 0.021399
0.800000 0.013235 0.023767
1.000000 0.010028 0.025661
1.200000 0.007812 0.027224
B M4 OVER SUBSTRATE UNDER M5
0.100000 0.072438 0.033128
0.200000 0.035841 0.043090
0.250000 0.027691 0.046798
0.300000 0.022146 0.049898
0.350000 0.018061 0.052447
0.400000 0.014906 0.054500
0.450000 0.012488 0.056229
0.500000 0.010591 0.057702
0.600000 0.007843 0.060080
0.800000 0.004527 0.063015
1.000000 0.002782 0.064674
1.200000 0.001795 0.065754
B M4 OVER SUBSTRATE UNDER TM
0.100000 0.083464 0.011558
0.200000 0.048180 0.014064
0.250000 0.040216 0.015127
0.300000 0.034634 0.016104
0.350000 0.030391 0.017007
0.400000 0.026996 0.017844
0.450000 0.024252 0.018632
0.500000 0.021976 0.019379
0.600000 0.018389 0.020773
0.800000 0.013348 0.023167
1.000000 0.009995 0.025160
1.200000 0.007632 0.026850
B M4 OVER SUBSTRATE UNDER RDL
0.100000 0.083964 0.010876
0.200000 0.048955 0.012941
0.250000 0.041132 0.013769
0.300000 0.035689 0.014503
0.350000 0.031585 0.015162
0.400000 0.028324 0.015756
0.450000 0.025710 0.016302
0.500000 0.023558 0.016809
0.600000 0.020202 0.017736
0.800000 0.015526 0.019305
1.000000 0.012409 0.020635
1.200000 0.010167 0.021818
B M5 OVER M4 UNDER TM
0.100000 0.081403 0.035383
0.200000 0.041680 0.045583
0.250000 0.032558 0.049464
0.300000 0.026224 0.052787
0.350000 0.021471 0.055601
0.400000 0.017739 0.057945
0.450000 0.014818 0.059973
0.500000 0.012483 0.061741
0.600000 0.009028 0.064663
0.800000 0.004810 0.068394
1.000000 0.002635 0.070491
1.200000 0.001490 0.071780
B M5 OVER M4 UNDER RDL
0.100000 0.082393 0.034020
0.200000 0.043239 0.043296
0.250000 0.034387 0.046710
0.300000 0.028300 0.049584
0.350000 0.023762 0.051985
0.400000 0.020206 0.053969
0.450000 0.017425 0.055682
0.500000 0.015198 0.057181
0.600000 0.011866 0.059693
0.800000 0.007593 0.063086
1.000000 0.005135 0.065232
1.200000 0.003623 0.066738
B M5 OVER M3 UNDER TM
0.100000 0.090958 0.016517
0.200000 0.051635 0.021169
0.250000 0.042286 0.023310
0.300000 0.035561 0.025345
0.350000 0.030355 0.027260
0.400000 0.026143 0.029042
0.450000 0.022709 0.030711
0.500000 0.019854 0.032272
0.600000 0.015390 0.035087
0.800000 0.009418 0.039405
1.000000 0.005876 0.042385
1.200000 0.003738 0.044474
B M5 OVER M3 UNDER RDL
0.100000 0.091986 0.015107
0.200000 0.053252 0.018806
0.250000 0.044198 0.020439
0.300000 0.037759 0.021958
0.350000 0.032823 0.023366
0.400000 0.028856 0.024663
0.450000 0.025644 0.025870
0.500000 0.022983 0.026997
0.600000 0.018828 0.029041
0.800000 0.013147 0.032300
1.000000 0.009559 0.034757
1.200000 0.007166 0.036683
B M5 OVER M2 UNDER TM
0.100000 0.092334 0.014514
0.200000 0.053590 0.018023
0.250000 0.044474 0.019625
0.300000 0.037941 0.021155
0.350000 0.032885 0.022614
0.400000 0.028784 0.023998
0.450000 0.025425 0.025319
0.500000 0.022611 0.026580
0.600000 0.018145 0.028930
0.800000 0.011950 0.032819
1.000000 0.008028 0.035781
1.200000 0.005480 0.038036
B M5 OVER M2 UNDER RDL
0.100000 0.093389 0.013069
0.200000 0.055239 0.015617
0.250000 0.046423 0.016703
0.300000 0.040183 0.017706
0.350000 0.035407 0.018641
0.400000 0.031567 0.019513
0.450000 0.028449 0.020338
0.500000 0.025853 0.021122
0.600000 0.021753 0.022591
0.800000 0.015999 0.025120
1.000000 0.012188 0.027224
1.200000 0.009513 0.029010
B M5 OVER M1 UNDER TM
0.100000 0.092755 0.013928
0.200000 0.054235 0.017058
0.250000 0.045229 0.018462
0.300000 0.038798 0.019794
0.350000 0.033837 0.021060
0.400000 0.029821 0.022260
0.450000 0.026537 0.023408
0.500000 0.023786 0.024507
0.600000 0.019415 0.026571
0.800000 0.013290 0.030071
1.000000 0.009317 0.032850
1.200000 0.006645 0.035059
B M5 OVER M1 UNDER RDL
0.100000 0.093833 0.012452
0.200000 0.055913 0.014613
0.250000 0.047209 0.015497
0.300000 0.041075 0.016298
0.350000 0.036398 0.017032
0.400000 0.032648 0.017712
0.450000 0.029612 0.018350
0.500000 0.027089 0.018957
0.600000 0.023107 0.020096
0.800000 0.017492 0.022104
1.000000 0.013713 0.023851
1.200000 0.010996 0.025405
B M5 OVER SUBSTRATE UNDER TM
0.100000 0.093040 0.013537
0.200000 0.054678 0.016411
0.250000 0.045752 0.017677
0.300000 0.039403 0.018866
0.350000 0.034521 0.019989
0.400000 0.030581 0.021047
0.450000 0.027368 0.022054
0.500000 0.024685 0.023017
0.600000 0.020433 0.024822
0.800000 0.014473 0.027902
1.000000 0.010571 0.030396
1.200000 0.007892 0.032437
B M5 OVER SUBSTRATE UNDER RDL
0.100000 0.094153 0.012014
0.200000 0.056401 0.013903
0.250000 0.047781 0.014643
0.300000 0.041733 0.015295
0.350000 0.037139 0.015879
0.400000 0.033470 0.016408
0.450000 0.030512 0.016896
0.500000 0.028064 0.017353
0.600000 0.024221 0.018200
0.800000 0.018828 0.019681
1.000000 0.015195 0.020989
1.200000 0.012557 0.022194
B TM OVER M5 UNDER RDL
0.400000 0.094556 0.042553
0.800000 0.042168 0.058321
1.000000 0.030382 0.064617
1.200000 0.022397 0.069936
1.400000 0.016642 0.074255
1.600000 0.012357 0.077616
1.800000 0.009233 0.080298
2.000000 0.006942 0.082436
2.400000 0.004001 0.085533
3.200000 0.001289 0.088341
4.000000 0.000432 0.089303
4.800000 0.000162 0.089769
B TM OVER M4 UNDER RDL
0.400000 0.098314 0.035991
0.800000 0.046187 0.049465
1.000000 0.034299 0.055067
1.200000 0.026098 0.059946
1.400000 0.020061 0.064060
1.600000 0.015458 0.067412
1.800000 0.011991 0.070194
2.000000 0.009356 0.072498
2.400000 0.005789 0.075996
3.200000 0.002178 0.079560
4.000000 0.000842 0.080992
4.800000 0.000352 0.081713
B TM OVER M3 UNDER RDL
0.400000 0.100122 0.033049
0.800000 0.048397 0.045214
1.000000 0.036580 0.050334
1.200000 0.028373 0.054852
1.400000 0.022273 0.058731
1.600000 0.017561 0.061967
1.800000 0.013952 0.064713
2.000000 0.011153 0.067039
2.400000 0.007241 0.070686
3.200000 0.003030 0.074704
4.000000 0.001298 0.076503
4.800000 0.000590 0.077452
B TM OVER M2 UNDER RDL
0.400000 0.101162 0.031454
0.800000 0.049765 0.042807
1.000000 0.038042 0.047596
1.200000 0.029880 0.051846
1.400000 0.023784 0.055529
1.600000 0.019044 0.058640
1.800000 0.015377 0.061316
2.000000 0.012499 0.063615
2.400000 0.008394 0.067297
3.200000 0.003787 0.071578
4.000000 0.001749 0.073646
4.800000 0.000848 0.074783
B TM OVER M1 UNDER RDL
0.400000 0.101812 0.030490
0.800000 0.050665 0.041306
1.000000 0.039027 0.045861
1.200000 0.030922 0.049913
1.400000 0.024855 0.053439
1.600000 0.020118 0.056440
1.800000 0.016433 0.059041
2.000000 0.013520 0.061297
2.400000 0.009308 0.064961
3.200000 0.004442 0.069387
4.000000 0.002173 0.071647
4.800000 0.001109 0.072934
B TM OVER SUBSTRATE UNDER RDL
0.400000 0.102545 0.029431
0.800000 0.051732 0.039608
1.000000 0.040226 0.043867
1.200000 0.032224 0.047652
1.400000 0.026228 0.050956
1.600000 0.021531 0.053783
1.800000 0.017857 0.056254
2.000000 0.014931 0.058418
2.400000 0.010638 0.061991
3.200000 0.005494 0.066514
4.000000 0.002923 0.069001
4.800000 0.001612 0.070502
