* ============================================================================
* PROVENANCE - VENDOR DATA, UNVERIFIED REDISTRIBUTION STATUS
* ============================================================================
* Content : ICsprout 55nm StarRC RC technology data
*           (CAPTAB capacitance table: kCaptabCworst.txt)
* Vendor  : ICsprout (foundry), delivered inside the proprietary ECOS iRCX
*           library libircx_ics55.so as XOR-ciphertext blobs.
* Origin  : decrypted by the upstream open-PDK project and published at
*           https://github.com/ckdur/icsprout55-openpdk
*           path hacking/decrypted_output/kCaptabCworst.txt
*           pinned commit 195870e61e9fa92d049df2daa4a7f5000c6aad3e (2026-10-08T15:20:54Z)
* License : Vendor (ICsprout). NOT Apache-2.0. These files are NOT part of the
*           released ICsprout PDK and were NOT obtained under a redistribution
*           grant. Included strictly for educational study and offline
*           comparison against the clean-room RC stack.
* Warning : Do not treat as signoff data. Do not redistribute. Use the
*           released LEFs plus independent extraction for production flows.
* Note    : Everything below this banner is byte-identical to the upstream
*           file; see ORIGIN.json for SHA-256 hashes of both.
* ============================================================================
A M1 OVER SUBSTRATE
0.090000 0.101915 0.013015
0.180000 0.057835 0.016062
0.225000 0.047929 0.017375
0.270000 0.041009 0.018588
0.315000 0.035856 0.019720
0.360000 0.031730 0.020770
0.405000 0.028370 0.021750
0.450000 0.025597 0.022672
0.540000 0.021272 0.024366
0.720000 0.015441 0.027214
0.900000 0.011635 0.029413
1.080000 0.009066 0.031174
A M2 OVER M1
0.100000 0.079962 0.052737
0.200000 0.038769 0.064147
0.250000 0.029985 0.067967
0.300000 0.024114 0.071084
0.350000 0.019837 0.073605
0.400000 0.016558 0.075607
0.450000 0.014055 0.077289
0.500000 0.012098 0.078724
0.600000 0.009267 0.081045
0.800000 0.005828 0.083937
1.000000 0.003988 0.085605
1.200000 0.002920 0.086718
A M2 OVER SUBSTRATE
0.100000 0.097005 0.011456
0.200000 0.055416 0.013896
0.250000 0.046133 0.014931
0.300000 0.039671 0.015877
0.350000 0.034807 0.016748
0.400000 0.030952 0.017552
0.450000 0.027859 0.018302
0.500000 0.025315 0.019008
0.600000 0.021355 0.020309
0.800000 0.015911 0.022493
1.000000 0.012389 0.024262
1.200000 0.009964 0.025736
A M3 OVER M2
0.100000 0.079904 0.052822
0.200000 0.038688 0.064281
0.250000 0.029897 0.068121
0.300000 0.024022 0.071255
0.350000 0.019745 0.073789
0.400000 0.016468 0.075799
0.450000 0.013971 0.077485
0.500000 0.012021 0.078920
0.600000 0.009210 0.081235
0.800000 0.005814 0.084096
1.000000 0.004013 0.085729
1.200000 0.002972 0.086816
A M3 OVER M1
0.100000 0.095202 0.013940
0.200000 0.052762 0.017907
0.250000 0.043122 0.019685
0.300000 0.036358 0.021340
0.350000 0.031247 0.022866
0.400000 0.027197 0.024258
0.450000 0.023958 0.025541
0.500000 0.021311 0.026722
0.600000 0.017258 0.028818
0.800000 0.011915 0.031992
1.000000 0.008716 0.034225
1.200000 0.006692 0.035879
A M3 OVER SUBSTRATE
0.100000 0.097528 0.010616
0.200000 0.056089 0.012651
0.250000 0.046869 0.013494
0.300000 0.040466 0.014255
0.350000 0.035659 0.014948
0.400000 0.031861 0.015582
0.450000 0.028823 0.016169
0.500000 0.026332 0.016717
0.600000 0.022468 0.017721
0.800000 0.017182 0.019405
1.000000 0.013760 0.020786
1.200000 0.011379 0.021963
A M4 OVER M3
0.100000 0.079749 0.053096
0.200000 0.038529 0.064656
0.250000 0.029753 0.068525
0.300000 0.023904 0.071673
0.350000 0.019658 0.074207
0.400000 0.016414 0.076206
0.450000 0.013953 0.077874
0.500000 0.012038 0.079286
0.600000 0.009292 0.081553
0.800000 0.005982 0.084332
1.000000 0.004214 0.085924
1.200000 0.003171 0.087000
A M4 OVER M2
0.100000 0.095052 0.014207
0.200000 0.052609 0.018275
0.250000 0.042982 0.020088
0.300000 0.036239 0.021767
0.350000 0.031154 0.023307
0.400000 0.027131 0.024705
0.450000 0.023921 0.025986
0.500000 0.021305 0.027160
0.600000 0.017313 0.029230
0.800000 0.012064 0.032334
1.000000 0.008925 0.034504
1.200000 0.006929 0.036116
A M4 OVER M1
0.100000 0.096841 0.011623
0.200000 0.055112 0.014236
0.250000 0.045763 0.015366
0.300000 0.039244 0.016409
0.350000 0.034332 0.017372
0.400000 0.030441 0.018260
0.450000 0.027322 0.019089
0.500000 0.024760 0.019864
0.600000 0.020790 0.021280
0.800000 0.015387 0.023595
1.000000 0.011952 0.025406
1.200000 0.009627 0.026873
A M4 OVER SUBSTRATE
0.100000 0.097631 0.010536
0.200000 0.056318 0.012461
0.250000 0.047174 0.013229
0.300000 0.040852 0.013904
0.350000 0.036127 0.014503
0.400000 0.032408 0.015038
0.450000 0.029448 0.015522
0.500000 0.027031 0.015965
0.600000 0.023306 0.016759
0.800000 0.018228 0.018055
1.000000 0.014938 0.019110
1.200000 0.012629 0.020024
A M5 OVER M4
0.100000 0.089771 0.054402
0.200000 0.045809 0.065844
0.250000 0.036229 0.069662
0.300000 0.029754 0.072781
0.350000 0.024987 0.075316
0.400000 0.021290 0.077353
0.450000 0.018428 0.079089
0.500000 0.016153 0.080592
0.600000 0.012781 0.083087
0.800000 0.008490 0.086402
1.000000 0.006032 0.088481
1.200000 0.004517 0.089946
A M5 OVER M3
0.100000 0.105096 0.015488
0.200000 0.059909 0.019443
0.250000 0.049483 0.021199
0.300000 0.042130 0.022824
0.350000 0.036551 0.024317
0.400000 0.032113 0.025679
0.450000 0.028553 0.026934
0.500000 0.025632 0.028092
0.600000 0.021129 0.030159
0.800000 0.015095 0.033362
1.000000 0.011370 0.035710
1.200000 0.008922 0.037525
A M5 OVER M2
0.100000 0.106890 0.012896
0.200000 0.062417 0.015398
0.250000 0.052269 0.016471
0.300000 0.045140 0.017458
0.350000 0.039737 0.018372
0.400000 0.035435 0.019219
0.450000 0.031969 0.020012
0.500000 0.029109 0.020759
0.600000 0.024645 0.022137
0.800000 0.018508 0.024447
1.000000 0.014541 0.026316
1.200000 0.011810 0.027874
A M5 OVER M1
0.100000 0.107419 0.012166
0.200000 0.063223 0.014205
0.250000 0.053209 0.015036
0.300000 0.046208 0.015779
0.350000 0.040923 0.016453
0.400000 0.036729 0.017068
0.450000 0.033360 0.017637
0.500000 0.030587 0.018170
0.600000 0.026263 0.019151
0.800000 0.020295 0.020825
1.000000 0.016383 0.022234
1.200000 0.013630 0.023465
A M5 OVER SUBSTRATE
0.100000 0.107826 0.011611
0.200000 0.063839 0.013312
0.250000 0.053931 0.013963
0.300000 0.047035 0.014522
0.350000 0.041854 0.015008
0.400000 0.037760 0.015437
0.450000 0.034489 0.015820
0.500000 0.031808 0.016167
0.600000 0.027658 0.016785
0.800000 0.021975 0.017794
1.000000 0.018266 0.018630
1.200000 0.015643 0.019376
A TM OVER M5
0.400000 0.117462 0.033082
0.800000 0.060053 0.043034
1.000000 0.047638 0.046873
1.200000 0.039212 0.050160
1.400000 0.033002 0.052947
1.600000 0.028179 0.055283
1.800000 0.024425 0.057313
2.000000 0.021428 0.059098
2.400000 0.016951 0.062117
3.200000 0.011144 0.066326
4.000000 0.007696 0.069135
4.800000 0.005498 0.071196
A TM OVER M4
0.400000 0.122888 0.022047
0.800000 0.065446 0.028800
1.000000 0.052831 0.031635
1.200000 0.044140 0.034173
1.400000 0.037662 0.036425
1.600000 0.032579 0.038405
1.800000 0.028562 0.040181
2.000000 0.025310 0.041785
2.400000 0.020367 0.044582
3.200000 0.013816 0.048742
4.000000 0.009809 0.051702
4.800000 0.007188 0.053961
A TM OVER M3
0.400000 0.125389 0.017774
0.800000 0.068353 0.022783
1.000000 0.055806 0.024948
1.200000 0.047119 0.026927
1.400000 0.040611 0.028728
1.600000 0.035478 0.030356
1.800000 0.031387 0.031848
2.000000 0.028046 0.033223
2.400000 0.022905 0.035683
3.200000 0.015970 0.039545
4.000000 0.011614 0.042454
4.800000 0.008698 0.044757
A TM OVER M2
0.400000 0.126764 0.015607
0.800000 0.070100 0.019572
1.000000 0.057662 0.021293
1.200000 0.049043 0.022880
1.400000 0.042573 0.024343
1.600000 0.037460 0.025687
1.800000 0.033367 0.026937
2.000000 0.030008 0.028104
2.400000 0.024797 0.030235
3.200000 0.017682 0.033724
4.000000 0.013122 0.036477
4.800000 0.010009 0.038730
A TM OVER M1
0.400000 0.127601 0.014348
0.800000 0.071229 0.017641
1.000000 0.058896 0.019055
1.200000 0.050355 0.020360
1.400000 0.043944 0.021570
1.600000 0.038872 0.022693
1.800000 0.034806 0.023745
2.000000 0.031458 0.024739
2.400000 0.026241 0.026578
3.200000 0.019055 0.029694
4.000000 0.014381 0.032249
4.800000 0.011140 0.034403
A TM OVER SUBSTRATE
0.400000 0.128565 0.012952
0.800000 0.072604 0.015427
1.000000 0.060444 0.016444
1.200000 0.052050 0.017368
1.400000 0.045761 0.018220
1.600000 0.040791 0.019015
1.800000 0.036804 0.019765
2.000000 0.033517 0.020480
2.400000 0.028371 0.021832
3.200000 0.021212 0.024242
4.000000 0.016458 0.026353
4.800000 0.013082 0.028230
A RDL OVER TM
2.000000 0.024645 0.124074
4.000000 0.007334 0.136971
5.000000 0.004655 0.139723
6.000000 0.003117 0.141208
7.000000 0.002228 0.142065
8.000000 0.001692 0.142639
9.000000 0.001343 0.143059
10.000000 0.001101 0.143387
12.000000 0.000772 0.143743
16.000000 0.000454 0.144074
20.000000 0.000304 0.144257
24.000000 0.000216 0.144351
A RDL OVER M5
2.000000 0.037031 0.041732
4.000000 0.015480 0.051799
5.000000 0.010891 0.055189
6.000000 0.007811 0.057624
7.000000 0.005734 0.059382
8.000000 0.004327 0.060694
9.000000 0.003352 0.061694
10.000000 0.002661 0.062480
12.000000 0.001725 0.063410
16.000000 0.000888 0.064269
20.000000 0.000556 0.064706
24.000000 0.000377 0.064904
A RDL OVER M4
2.000000 0.038796 0.035978
4.000000 0.016981 0.045234
5.000000 0.012195 0.048521
6.000000 0.008918 0.050980
7.000000 0.006654 0.052823
8.000000 0.005081 0.054236
9.000000 0.003966 0.055335
10.000000 0.003161 0.056210
12.000000 0.002054 0.057285
16.000000 0.001040 0.058314
20.000000 0.000639 0.058835
24.000000 0.000427 0.059069
A RDL OVER M3
2.000000 0.040296 0.031683
4.000000 0.018314 0.040214
5.000000 0.013385 0.043374
6.000000 0.009957 0.045817
7.000000 0.007542 0.047704
8.000000 0.005828 0.049187
9.000000 0.004590 0.050363
10.000000 0.003680 0.051312
12.000000 0.002409 0.052520
16.000000 0.001211 0.053720
20.000000 0.000733 0.054329
24.000000 0.000482 0.054603
A RDL OVER M2
2.000000 0.041557 0.028357
4.000000 0.019480 0.036247
5.000000 0.014449 0.039267
6.000000 0.010909 0.041667
7.000000 0.008375 0.043568
8.000000 0.006546 0.045093
9.000000 0.005202 0.046325
10.000000 0.004199 0.047331
12.000000 0.002777 0.048655
16.000000 0.001397 0.050018
20.000000 0.000835 0.050717
24.000000 0.000543 0.051034
A RDL OVER M1
2.000000 0.042637 0.025710
4.000000 0.020510 0.033034
5.000000 0.015407 0.035913
6.000000 0.011782 0.038253
7.000000 0.009155 0.040146
8.000000 0.007231 0.041693
9.000000 0.005797 0.042961
10.000000 0.004712 0.044010
12.000000 0.003152 0.045433
16.000000 0.001595 0.046950
20.000000 0.000947 0.047738
24.000000 0.000609 0.048100
A RDL OVER SUBSTRATE
2.000000 0.044503 0.021535
4.000000 0.022363 0.027849
5.000000 0.017166 0.030442
6.000000 0.013422 0.032626
7.000000 0.010655 0.034458
8.000000 0.008580 0.036003
9.000000 0.006996 0.037306
10.000000 0.005770 0.038410
12.000000 0.003959 0.039989
16.000000 0.002050 0.041790
20.000000 0.001213 0.042762
24.000000 0.000768 0.043225
B M1 OVER SUBSTRATE UNDER M2
0.090000 0.084795 0.052621
0.180000 0.040075 0.066180
0.225000 0.030304 0.070861
0.270000 0.023730 0.074694
0.315000 0.019037 0.077904
0.360000 0.015394 0.080461
0.405000 0.012564 0.082544
0.450000 0.010360 0.084300
0.540000 0.007209 0.087080
0.720000 0.003645 0.090572
0.900000 0.001873 0.092263
1.080000 0.000999 0.093227
B M1 OVER SUBSTRATE UNDER M3
0.090000 0.099541 0.016349
0.180000 0.054296 0.021499
0.225000 0.043865 0.023865
0.270000 0.036472 0.026104
0.315000 0.030900 0.028217
0.360000 0.026414 0.030173
0.405000 0.022750 0.031980
0.450000 0.019728 0.033656
0.540000 0.015060 0.036640
0.720000 0.009030 0.041222
0.900000 0.005468 0.044208
1.080000 0.003378 0.046223
B M1 OVER SUBSTRATE UNDER M4
0.090000 0.101060 0.014185
0.180000 0.056486 0.018030
0.225000 0.046328 0.019774
0.270000 0.039159 0.021429
0.315000 0.033762 0.023008
0.360000 0.029406 0.024497
0.405000 0.025831 0.025903
0.450000 0.022858 0.027236
0.540000 0.018186 0.029697
0.720000 0.011883 0.033787
0.900000 0.007875 0.036795
1.080000 0.005303 0.039040
B M1 OVER SUBSTRATE UNDER M5
0.090000 0.101464 0.013628
0.180000 0.057123 0.017091
0.225000 0.047079 0.018632
0.270000 0.040021 0.020081
0.315000 0.034728 0.021456
0.360000 0.030466 0.022750
0.405000 0.026973 0.023972
0.450000 0.024072 0.025132
0.540000 0.019509 0.027288
0.720000 0.013295 0.030950
0.900000 0.009244 0.033763
1.080000 0.006545 0.035962
B M1 OVER SUBSTRATE UNDER TM
0.090000 0.101732 0.013261
0.180000 0.057547 0.016473
0.225000 0.047585 0.017876
0.270000 0.040608 0.019184
0.315000 0.035396 0.020413
0.360000 0.031212 0.021563
0.405000 0.027793 0.022643
0.450000 0.024963 0.023665
0.540000 0.020526 0.025557
0.720000 0.014492 0.028780
0.900000 0.010524 0.031298
1.080000 0.007831 0.033321
B M1 OVER SUBSTRATE UNDER RDL
0.090000 0.101847 0.013107
0.180000 0.057728 0.016214
0.225000 0.047801 0.017560
0.270000 0.040861 0.018807
0.315000 0.035685 0.019975
0.360000 0.031538 0.021061
0.405000 0.028156 0.022078
0.450000 0.025361 0.023037
0.540000 0.020993 0.024804
0.720000 0.015082 0.027793
0.900000 0.011207 0.030117
1.080000 0.008579 0.031987
B M2 OVER M1 UNDER M3
0.100000 0.062237 0.096428
0.200000 0.021035 0.117974
0.250000 0.013011 0.124247
0.300000 0.008244 0.128701
0.350000 0.005226 0.131673
0.400000 0.003268 0.133469
0.450000 0.002067 0.134676
0.500000 0.001327 0.135507
0.600000 0.000578 0.136556
0.800000 0.000098 0.137203
1.000000 0.000019 0.137317
1.200000 0.000005 0.137374
B M2 OVER M1 UNDER M4
0.100000 0.077304 0.056526
0.200000 0.034879 0.070254
0.250000 0.025612 0.075123
0.300000 0.019370 0.079155
0.350000 0.014841 0.082418
0.400000 0.011422 0.084974
0.450000 0.008873 0.087064
0.500000 0.006946 0.088779
0.600000 0.004339 0.091377
0.800000 0.001678 0.094022
1.000000 0.000669 0.095100
1.200000 0.000287 0.095649
B M2 OVER M1 UNDER M5
0.100000 0.079034 0.054018
0.200000 0.037304 0.066311
0.250000 0.028266 0.070574
0.300000 0.022167 0.074111
0.350000 0.017695 0.077009
0.400000 0.014260 0.079333
0.450000 0.011637 0.081289
0.500000 0.009589 0.082951
0.600000 0.006661 0.085608
0.800000 0.003283 0.088743
1.000000 0.001679 0.090345
1.200000 0.000896 0.091280
B M2 OVER M1 UNDER TM
0.100000 0.079704 0.053091
0.200000 0.038353 0.064749
0.250000 0.029489 0.068699
0.300000 0.023543 0.071943
0.350000 0.019196 0.074584
0.400000 0.015854 0.076695
0.450000 0.013295 0.078477
0.500000 0.011289 0.080001
0.600000 0.008376 0.082475
0.800000 0.004845 0.085563
1.000000 0.002977 0.087327
1.200000 0.001918 0.088479
B M2 OVER M1 UNDER RDL
0.100000 0.079888 0.052839
0.200000 0.038649 0.064320
0.250000 0.029841 0.068177
0.300000 0.023948 0.071331
0.350000 0.019650 0.073888
0.400000 0.016351 0.075922
0.450000 0.013831 0.077635
0.500000 0.011857 0.079096
0.600000 0.008998 0.081466
0.800000 0.005519 0.084428
1.000000 0.003654 0.086140
1.200000 0.002571 0.087283
B M2 OVER SUBSTRATE UNDER M3
0.100000 0.079042 0.055427
0.200000 0.037114 0.068630
0.250000 0.028089 0.073092
0.300000 0.022051 0.076726
0.350000 0.017656 0.079649
0.400000 0.014299 0.081947
0.450000 0.011752 0.083861
0.500000 0.009774 0.085475
0.600000 0.006948 0.088046
0.800000 0.003645 0.091096
1.000000 0.002010 0.092708
1.200000 0.001158 0.093693
B M2 OVER SUBSTRATE UNDER M4
0.100000 0.094210 0.015414
0.200000 0.051322 0.020277
0.250000 0.041469 0.022510
0.300000 0.034501 0.024614
0.350000 0.029195 0.026576
0.400000 0.024962 0.028381
0.450000 0.021554 0.030054
0.500000 0.018754 0.031603
0.600000 0.014442 0.034360
0.800000 0.008779 0.038487
1.000000 0.005483 0.041275
1.200000 0.003511 0.043216
B M2 OVER SUBSTRATE UNDER M5
0.100000 0.095978 0.012862
0.200000 0.053809 0.016248
0.250000 0.044233 0.017791
0.300000 0.037483 0.019257
0.350000 0.032341 0.020648
0.400000 0.028224 0.021960
0.450000 0.024887 0.023209
0.500000 0.022115 0.024396
0.600000 0.017759 0.026601
0.800000 0.011769 0.030247
1.000000 0.007988 0.033039
1.200000 0.005519 0.035185
B M2 OVER SUBSTRATE UNDER TM
0.100000 0.096683 0.011891
0.200000 0.054911 0.014619
0.250000 0.045531 0.015811
0.300000 0.038970 0.016922
0.350000 0.034005 0.017963
0.400000 0.030049 0.018939
0.450000 0.026857 0.019863
0.500000 0.024214 0.020744
0.600000 0.020062 0.022394
0.800000 0.014277 0.025230
1.000000 0.010483 0.027564
1.200000 0.007856 0.029507
B M2 OVER SUBSTRATE UNDER RDL
0.100000 0.096897 0.011601
0.200000 0.055248 0.014134
0.250000 0.045933 0.015220
0.300000 0.039439 0.016219
0.350000 0.034541 0.017145
0.400000 0.030653 0.018004
0.450000 0.027527 0.018810
0.500000 0.024949 0.019573
0.600000 0.020921 0.020989
0.800000 0.015349 0.023396
1.000000 0.011712 0.025373
1.200000 0.009186 0.027035
B M3 OVER M2 UNDER M4
0.100000 0.062237 0.096428
0.200000 0.021035 0.117974
0.250000 0.013011 0.124247
0.300000 0.008244 0.128701
0.350000 0.005226 0.131673
0.400000 0.003268 0.133469
0.450000 0.002067 0.134676
0.500000 0.001327 0.135507
0.600000 0.000578 0.136556
0.800000 0.000098 0.137203
1.000000 0.000019 0.137317
1.200000 0.000005 0.137374
B M3 OVER M2 UNDER M5
0.100000 0.077304 0.056526
0.200000 0.034879 0.070254
0.250000 0.025612 0.075123
0.300000 0.019370 0.079155
0.350000 0.014841 0.082418
0.400000 0.011422 0.084974
0.450000 0.008873 0.087064
0.500000 0.006946 0.088779
0.600000 0.004339 0.091377
0.800000 0.001678 0.094022
1.000000 0.000669 0.095100
1.200000 0.000287 0.095649
B M3 OVER M2 UNDER TM
0.100000 0.079506 0.053367
0.200000 0.038047 0.065210
0.250000 0.029134 0.069251
0.300000 0.023143 0.072581
0.350000 0.018760 0.075298
0.400000 0.015390 0.077472
0.450000 0.012811 0.079307
0.500000 0.010790 0.080875
0.600000 0.007866 0.083411
0.800000 0.004364 0.086533
1.000000 0.002558 0.088269
1.200000 0.001570 0.089370
B M3 OVER M2 UNDER RDL
0.100000 0.079815 0.052944
0.200000 0.038543 0.064489
0.250000 0.029723 0.068375
0.300000 0.023821 0.071554
0.350000 0.019518 0.074130
0.400000 0.016217 0.076179
0.450000 0.013699 0.077901
0.500000 0.011729 0.079370
0.600000 0.008882 0.081744
0.800000 0.005436 0.084691
1.000000 0.003603 0.086379
1.200000 0.002542 0.087503
B M3 OVER M1 UNDER M4
0.100000 0.077388 0.057715
0.200000 0.034673 0.072329
0.250000 0.025356 0.077417
0.300000 0.019109 0.081580
0.350000 0.014595 0.084910
0.400000 0.011200 0.087486
0.450000 0.008680 0.089576
0.500000 0.006783 0.091284
0.600000 0.004227 0.093858
0.800000 0.001630 0.096455
1.000000 0.000649 0.097504
1.200000 0.000278 0.098039
B M3 OVER M1 UNDER M5
0.100000 0.092526 0.017735
0.200000 0.048826 0.024051
0.250000 0.038637 0.026984
0.300000 0.031391 0.029745
0.350000 0.025870 0.032294
0.400000 0.021483 0.034602
0.450000 0.017979 0.036701
0.500000 0.015135 0.038599
0.600000 0.010868 0.041848
0.800000 0.005634 0.046228
1.000000 0.002965 0.048748
1.200000 0.001608 0.050273
B M3 OVER M1 UNDER TM
0.100000 0.094767 0.014532
0.200000 0.052065 0.018912
0.250000 0.042286 0.020918
0.300000 0.035381 0.022809
0.350000 0.030129 0.024576
0.400000 0.025942 0.026208
0.450000 0.022571 0.027726
0.500000 0.019797 0.029139
0.600000 0.015513 0.031672
0.800000 0.009822 0.035560
1.000000 0.006423 0.038289
1.200000 0.004317 0.040264
B M3 OVER M1 UNDER RDL
0.100000 0.095094 0.014086
0.200000 0.052590 0.018152
0.250000 0.042916 0.019986
0.300000 0.036116 0.021698
0.350000 0.030969 0.023283
0.400000 0.026883 0.024735
0.450000 0.023608 0.026076
0.500000 0.020926 0.027317
0.600000 0.016806 0.029528
0.800000 0.011343 0.032910
1.000000 0.008048 0.035314
1.200000 0.005950 0.037107
B M3 OVER SUBSTRATE UNDER M4
0.100000 0.079573 0.054568
0.200000 0.037795 0.067352
0.250000 0.028820 0.071639
0.300000 0.022813 0.075126
0.350000 0.018435 0.077934
0.400000 0.015082 0.080150
0.450000 0.012529 0.082003
0.500000 0.010536 0.083577
0.600000 0.007666 0.086106
0.800000 0.004245 0.089182
1.000000 0.002490 0.090876
1.200000 0.001531 0.091949
B M3 OVER SUBSTRATE UNDER M5
0.100000 0.094749 0.014545
0.200000 0.052020 0.018976
0.250000 0.042231 0.021006
0.300000 0.035318 0.022919
0.350000 0.030060 0.024704
0.400000 0.025870 0.026352
0.450000 0.022497 0.027883
0.500000 0.019723 0.029305
0.600000 0.015442 0.031853
0.800000 0.009766 0.035749
1.000000 0.006384 0.038472
1.200000 0.004291 0.040439
B M3 OVER SUBSTRATE UNDER TM
0.100000 0.097021 0.011301
0.200000 0.055296 0.013786
0.250000 0.045926 0.014874
0.300000 0.039369 0.015891
0.350000 0.034408 0.016847
0.400000 0.030456 0.017747
0.450000 0.027267 0.018603
0.500000 0.024625 0.019422
0.600000 0.020472 0.020964
0.800000 0.014680 0.023652
1.000000 0.010862 0.025903
1.200000 0.008200 0.027805
B M3 OVER SUBSTRATE UNDER RDL
0.100000 0.097382 0.010811
0.200000 0.055865 0.012968
0.250000 0.046603 0.013877
0.300000 0.040157 0.014706
0.350000 0.035307 0.015470
0.400000 0.031466 0.016175
0.450000 0.028385 0.016835
0.500000 0.025849 0.017457
0.600000 0.021897 0.018610
0.800000 0.016439 0.020591
1.000000 0.012856 0.022257
1.200000 0.010330 0.023703
B M4 OVER M3 UNDER M5
0.100000 0.062237 0.096428
0.200000 0.021035 0.117974
0.250000 0.013011 0.124247
0.300000 0.008244 0.128701
0.350000 0.005226 0.131673
0.400000 0.003268 0.133469
0.450000 0.002067 0.134676
0.500000 0.001327 0.135507
0.600000 0.000578 0.136556
0.800000 0.000098 0.137203
1.000000 0.000019 0.137317
1.200000 0.000005 0.137374
B M4 OVER M3 UNDER TM
0.100000 0.078994 0.054137
0.200000 0.037330 0.066417
0.250000 0.028341 0.070650
0.300000 0.022294 0.074147
0.350000 0.017875 0.076999
0.400000 0.014487 0.079274
0.450000 0.011905 0.081183
0.500000 0.009895 0.082803
0.600000 0.007018 0.085392
0.800000 0.003661 0.088475
1.000000 0.002010 0.090103
1.200000 0.001155 0.091094
B M4 OVER M3 UNDER RDL
0.100000 0.079624 0.053267
0.200000 0.038328 0.064945
0.250000 0.029515 0.068876
0.300000 0.023629 0.072084
0.350000 0.019349 0.074674
0.400000 0.016075 0.076724
0.450000 0.013586 0.078440
0.500000 0.011647 0.079895
0.600000 0.008858 0.082236
0.800000 0.005493 0.085118
1.000000 0.003695 0.086771
1.200000 0.002636 0.087887
B M4 OVER M2 UNDER M5
0.100000 0.077388 0.057715
0.200000 0.034673 0.072329
0.250000 0.025356 0.077417
0.300000 0.019109 0.081580
0.350000 0.014595 0.084910
0.400000 0.011200 0.087486
0.450000 0.008680 0.089576
0.500000 0.006783 0.091284
0.600000 0.004227 0.093858
0.800000 0.001630 0.096455
1.000000 0.000649 0.097504
1.200000 0.000278 0.098039
B M4 OVER M2 UNDER TM
0.100000 0.094245 0.015313
0.200000 0.051331 0.020142
0.250000 0.041462 0.022365
0.300000 0.034479 0.024464
0.350000 0.029161 0.026423
0.400000 0.024919 0.028228
0.450000 0.021504 0.029902
0.500000 0.018699 0.031452
0.600000 0.014382 0.034210
0.800000 0.008720 0.038338
1.000000 0.005433 0.041121
1.200000 0.003472 0.043055
B M4 OVER M2 UNDER RDL
0.100000 0.094904 0.014408
0.200000 0.052374 0.018611
0.250000 0.042702 0.020498
0.300000 0.035912 0.022253
0.350000 0.030780 0.023872
0.400000 0.026711 0.025347
0.450000 0.023456 0.026705
0.500000 0.020796 0.027955
0.600000 0.016720 0.030173
0.800000 0.011329 0.033534
1.000000 0.008081 0.035911
1.200000 0.006004 0.037686
B M4 OVER M1 UNDER M5
0.100000 0.079100 0.055226
0.200000 0.037059 0.068450
0.250000 0.027965 0.072953
0.300000 0.021854 0.076640
0.350000 0.017392 0.079623
0.400000 0.013979 0.081981
0.450000 0.011383 0.083950
0.500000 0.009366 0.085612
0.600000 0.006492 0.088256
0.800000 0.003192 0.091341
1.000000 0.001631 0.092905
1.200000 0.000870 0.093816
B M4 OVER M1 UNDER TM
0.100000 0.095993 0.012782
0.200000 0.053780 0.016175
0.250000 0.044183 0.017727
0.300000 0.037414 0.019204
0.350000 0.032258 0.020605
0.400000 0.028131 0.021928
0.450000 0.024786 0.023186
0.500000 0.022010 0.024381
0.600000 0.017651 0.026597
0.800000 0.011671 0.030252
1.000000 0.007907 0.033041
1.200000 0.005454 0.035179
B M4 OVER M1 UNDER RDL
0.100000 0.096673 0.011850
0.200000 0.054850 0.014610
0.250000 0.045451 0.015820
0.300000 0.038881 0.016945
0.350000 0.033918 0.017994
0.400000 0.029976 0.018968
0.450000 0.026806 0.019883
0.500000 0.024193 0.020746
0.600000 0.020123 0.022336
0.800000 0.014537 0.024981
1.000000 0.010944 0.027087
1.200000 0.008487 0.028812
B M4 OVER SUBSTRATE UNDER M5
0.100000 0.079769 0.054296
0.200000 0.038101 0.066899
0.250000 0.029176 0.071096
0.300000 0.023213 0.074499
0.350000 0.018872 0.077232
0.400000 0.015547 0.079386
0.450000 0.013013 0.081188
0.500000 0.011034 0.082720
0.600000 0.008172 0.085191
0.800000 0.004718 0.088240
1.000000 0.002898 0.089966
1.200000 0.001868 0.091091
B M4 OVER SUBSTRATE UNDER TM
0.100000 0.096698 0.011809
0.200000 0.054874 0.014555
0.250000 0.045469 0.015764
0.300000 0.038886 0.016892
0.350000 0.033904 0.017949
0.400000 0.029936 0.018939
0.450000 0.026735 0.019877
0.500000 0.024087 0.020770
0.600000 0.019930 0.022438
0.800000 0.014154 0.025293
1.000000 0.010377 0.027631
1.200000 0.007769 0.029571
B M4 OVER SUBSTRATE UNDER RDL
0.100000 0.097418 0.010823
0.200000 0.055995 0.012919
0.250000 0.046794 0.013779
0.300000 0.040414 0.014548
0.350000 0.035631 0.015243
0.400000 0.031855 0.015874
0.450000 0.028837 0.016456
0.500000 0.026362 0.016998
0.600000 0.022521 0.017990
0.800000 0.017224 0.019676
1.000000 0.013730 0.021107
1.200000 0.011236 0.022378
B M5 OVER M4 UNDER TM
0.100000 0.087811 0.057116
0.200000 0.042782 0.070348
0.250000 0.032716 0.075051
0.300000 0.025814 0.079000
0.350000 0.020694 0.082278
0.400000 0.016724 0.084943
0.450000 0.013659 0.087209
0.500000 0.011247 0.089150
0.600000 0.007765 0.092277
0.800000 0.003735 0.096003
1.000000 0.001841 0.097897
1.200000 0.000945 0.098980
B M5 OVER M4 UNDER RDL
0.100000 0.089599 0.054637
0.200000 0.045536 0.066238
0.250000 0.035903 0.070140
0.300000 0.029379 0.073342
0.350000 0.024564 0.075958
0.400000 0.020822 0.078070
0.450000 0.017918 0.079877
0.500000 0.015606 0.081446
0.600000 0.012166 0.084061
0.800000 0.007781 0.087553
1.000000 0.005266 0.089749
1.200000 0.003721 0.091290
B M5 OVER M3 UNDER TM
0.100000 0.103060 0.018294
0.200000 0.056765 0.024101
0.250000 0.045803 0.026825
0.300000 0.037943 0.029419
0.350000 0.031899 0.031852
0.400000 0.027048 0.034100
0.450000 0.023124 0.036185
0.500000 0.019892 0.038111
0.600000 0.014923 0.041516
0.800000 0.008510 0.046478
1.000000 0.004935 0.049657
1.200000 0.002928 0.051744
B M5 OVER M3 UNDER RDL
0.100000 0.104895 0.015760
0.200000 0.059595 0.019893
0.250000 0.049108 0.021746
0.300000 0.041693 0.023473
0.350000 0.036051 0.025072
0.400000 0.031551 0.026539
0.450000 0.027929 0.027899
0.500000 0.024947 0.029163
0.600000 0.020327 0.031437
0.800000 0.014088 0.035015
1.000000 0.010201 0.037677
1.200000 0.007631 0.039747
B M5 OVER M2 UNDER TM
0.100000 0.104804 0.015768
0.200000 0.059208 0.020143
0.250000 0.048514 0.022200
0.300000 0.040865 0.024178
0.350000 0.034976 0.026066
0.400000 0.030231 0.027848
0.450000 0.026366 0.029536
0.500000 0.023151 0.031133
0.600000 0.018111 0.034058
0.800000 0.011311 0.038694
1.000000 0.007201 0.042015
1.200000 0.004668 0.044406
B M5 OVER M2 UNDER RDL
0.100000 0.106666 0.013199
0.200000 0.062070 0.015892
0.250000 0.051857 0.017069
0.300000 0.044662 0.018166
0.350000 0.039191 0.019192
0.400000 0.034821 0.020153
0.450000 0.031287 0.021062
0.500000 0.028358 0.021927
0.600000 0.023759 0.023542
0.800000 0.017370 0.026313
1.000000 0.013181 0.028604
1.200000 0.010264 0.030539
B M5 OVER M1 UNDER TM
0.100000 0.105284 0.015104
0.200000 0.059951 0.019036
0.250000 0.049385 0.020860
0.300000 0.041856 0.022605
0.350000 0.036077 0.024267
0.400000 0.031429 0.025835
0.450000 0.027647 0.027325
0.500000 0.024500 0.028738
0.600000 0.019556 0.031347
0.800000 0.012797 0.035593
1.000000 0.008587 0.038774
1.200000 0.005878 0.041177
B M5 OVER M1 UNDER RDL
0.100000 0.107171 0.012502
0.200000 0.062844 0.014744
0.250000 0.052761 0.015685
0.300000 0.045690 0.016542
0.350000 0.040334 0.017333
0.400000 0.036068 0.018068
0.450000 0.032627 0.018760
0.500000 0.029781 0.019417
0.600000 0.025313 0.020650
0.800000 0.019068 0.022826
1.000000 0.014903 0.024715
1.200000 0.011926 0.026393
B M5 OVER SUBSTRATE UNDER TM
0.100000 0.105601 0.014667
0.200000 0.060450 0.018304
0.250000 0.049978 0.019968
0.300000 0.042543 0.021546
0.350000 0.036856 0.023040
0.400000 0.032295 0.024443
0.450000 0.028596 0.025771
0.500000 0.025526 0.027027
0.600000 0.020714 0.029343
0.800000 0.014125 0.033135
1.000000 0.009968 0.036037
1.200000 0.007223 0.038298
B M5 OVER SUBSTRATE UNDER RDL
0.100000 0.107529 0.012011
0.200000 0.063395 0.013942
0.250000 0.053411 0.014714
0.300000 0.046438 0.015398
0.350000 0.041179 0.016013
0.400000 0.037007 0.016572
0.450000 0.033657 0.017087
0.500000 0.030899 0.017569
0.600000 0.026591 0.018458
0.800000 0.020604 0.020014
1.000000 0.016607 0.021388
1.200000 0.013719 0.022656
B TM OVER M5 UNDER RDL
0.400000 0.107397 0.049416
0.800000 0.047140 0.067107
1.000000 0.033845 0.074085
1.200000 0.024897 0.079970
1.400000 0.018475 0.084747
1.600000 0.013705 0.088461
1.800000 0.010234 0.091427
2.000000 0.007691 0.093792
2.400000 0.004431 0.097220
3.200000 0.001427 0.100329
4.000000 0.000478 0.101394
4.800000 0.000179 0.101909
B TM OVER M4 UNDER RDL
0.400000 0.112786 0.038424
0.800000 0.052465 0.052969
1.000000 0.038907 0.059062
1.200000 0.029589 0.064401
1.400000 0.022749 0.068934
1.600000 0.017537 0.072653
1.800000 0.013611 0.075754
2.000000 0.010625 0.078332
2.400000 0.006581 0.082260
3.200000 0.002479 0.086287
4.000000 0.000959 0.087914
4.800000 0.000401 0.088733
B TM OVER M3 UNDER RDL
0.400000 0.115262 0.034181
0.800000 0.055335 0.047004
1.000000 0.041817 0.052478
1.200000 0.032452 0.057354
1.400000 0.025504 0.061584
1.600000 0.020141 0.065150
1.800000 0.016025 0.068200
2.000000 0.012829 0.070799
2.400000 0.008348 0.074900
3.200000 0.003506 0.079474
4.000000 0.001505 0.081543
4.800000 0.000685 0.082636
B TM OVER M2 UNDER RDL
0.400000 0.116618 0.032038
0.800000 0.057055 0.043830
1.000000 0.043632 0.048887
1.200000 0.034305 0.053424
1.400000 0.027351 0.057402
1.600000 0.021945 0.060804
1.800000 0.017754 0.063756
2.000000 0.014458 0.066312
2.400000 0.009739 0.070439
3.200000 0.004416 0.075316
4.000000 0.002045 0.077705
4.800000 0.000994 0.079023
B TM OVER M1 UNDER RDL
0.400000 0.117439 0.030799
0.800000 0.058163 0.041926
1.000000 0.044835 0.046694
1.200000 0.035569 0.050982
1.400000 0.028644 0.054761
1.600000 0.023240 0.058019
1.800000 0.019025 0.060872
2.000000 0.015685 0.063366
2.400000 0.010836 0.067457
3.200000 0.005202 0.072489
4.000000 0.002553 0.075103
4.800000 0.001305 0.076600
B TM OVER SUBSTRATE UNDER RDL
0.400000 0.118373 0.029441
0.800000 0.059502 0.039762
1.000000 0.046334 0.044151
1.200000 0.037193 0.048097
1.400000 0.030355 0.051583
1.600000 0.025002 0.054609
1.800000 0.020804 0.057281
2.000000 0.017449 0.059642
2.400000 0.012504 0.063590
3.200000 0.006528 0.068706
4.000000 0.003503 0.071588
4.800000 0.001945 0.073347
