* ============================================================================
* PROVENANCE - VENDOR DATA, UNVERIFIED REDISTRIBUTION STATUS
* ============================================================================
* Content : ICsprout 55nm StarRC RC technology data
*           (CAPTAB capacitance table: kCaptabRcbest.txt)
* Vendor  : ICsprout (foundry), delivered inside the proprietary ECOS iRCX
*           library libircx_ics55.so as XOR-ciphertext blobs.
* Origin  : decrypted by the upstream open-PDK project and published at
*           https://github.com/ckdur/icsprout55-openpdk
*           path hacking/decrypted_output/kCaptabRcbest.txt
*           pinned commit 195870e61e9fa92d049df2daa4a7f5000c6aad3e (2026-10-08T15:20:54Z)
* License : Vendor (ICsprout). NOT Apache-2.0. These files are NOT part of the
*           released ICsprout PDK and were NOT obtained under a redistribution
*           grant. Included strictly for educational study and offline
*           comparison against the clean-room RC stack.
* Warning : Do not treat as signoff data. Do not redistribute. Use the
*           released LEFs plus independent extraction for production flows.
* Note    : Everything below this banner is byte-identical to the upstream
*           file; see ORIGIN.json for SHA-256 hashes of both.
* ============================================================================
A M1 OVER SUBSTRATE
0.090000 0.104409 0.012459
0.180000 0.059753 0.015102
0.225000 0.049747 0.016223
0.270000 0.042768 0.017252
0.315000 0.037576 0.018208
0.360000 0.033424 0.019097
0.405000 0.030044 0.019928
0.450000 0.027255 0.020713
0.540000 0.022898 0.022165
0.720000 0.016988 0.024663
0.900000 0.013073 0.026668
1.080000 0.010374 0.028333
A M2 OVER M1
0.100000 0.086164 0.027542
0.200000 0.043955 0.035842
0.250000 0.034635 0.039048
0.300000 0.028267 0.041797
0.350000 0.023561 0.044124
0.400000 0.019907 0.046066
0.450000 0.017072 0.047743
0.500000 0.014824 0.049205
0.600000 0.011514 0.051633
0.800000 0.007393 0.054830
1.000000 0.005117 0.056780
1.200000 0.003765 0.058117
A M2 OVER SUBSTRATE
0.100000 0.095468 0.011100
0.200000 0.054739 0.013258
0.250000 0.045741 0.014145
0.300000 0.039498 0.014945
0.350000 0.034807 0.015674
0.400000 0.031092 0.016342
0.450000 0.028116 0.016963
0.500000 0.025669 0.017545
0.600000 0.021862 0.018616
0.800000 0.016611 0.020432
1.000000 0.013180 0.021937
1.200000 0.010779 0.023228
A M3 OVER M2
0.100000 0.086117 0.027609
0.200000 0.043886 0.035951
0.250000 0.034558 0.039176
0.300000 0.028184 0.041943
0.350000 0.023473 0.044286
0.400000 0.019817 0.046239
0.450000 0.016984 0.047925
0.500000 0.014738 0.049393
0.600000 0.011439 0.051824
0.800000 0.007350 0.055006
1.000000 0.005110 0.056929
1.200000 0.003790 0.058239
A M3 OVER M1
0.100000 0.094545 0.012424
0.200000 0.053294 0.015438
0.250000 0.044037 0.016774
0.300000 0.037551 0.018023
0.350000 0.032637 0.019191
0.400000 0.028726 0.020276
0.450000 0.025579 0.021291
0.500000 0.022988 0.022244
0.600000 0.018966 0.023978
0.800000 0.013531 0.026761
1.000000 0.010147 0.028857
1.200000 0.007924 0.030486
A M3 OVER SUBSTRATE
0.100000 0.095941 0.010459
0.200000 0.055363 0.012282
0.250000 0.046419 0.013012
0.300000 0.040222 0.013663
0.350000 0.035572 0.014250
0.400000 0.031897 0.014784
0.450000 0.028958 0.015276
0.500000 0.026547 0.015733
0.600000 0.022808 0.016567
0.800000 0.017686 0.017965
1.000000 0.014358 0.019121
1.200000 0.012027 0.020123
A M4 OVER M3
0.100000 0.085965 0.027858
0.200000 0.043710 0.036309
0.250000 0.034385 0.039574
0.300000 0.028023 0.042369
0.350000 0.023332 0.044727
0.400000 0.019700 0.046684
0.450000 0.016895 0.048365
0.500000 0.014679 0.049822
0.600000 0.011443 0.052219
0.800000 0.007455 0.055319
1.000000 0.005276 0.057180
1.200000 0.003979 0.058457
A M4 OVER M2
0.100000 0.094398 0.012665
0.200000 0.053125 0.015786
0.250000 0.043870 0.017163
0.300000 0.037395 0.018446
0.350000 0.032497 0.019638
0.400000 0.028605 0.020738
0.450000 0.025482 0.021761
0.500000 0.022915 0.022716
0.600000 0.018947 0.024442
0.800000 0.013608 0.027175
1.000000 0.010295 0.029211
1.200000 0.008118 0.030791
A M4 OVER M1
0.100000 0.095472 0.011141
0.200000 0.054700 0.013349
0.250000 0.045669 0.014271
0.300000 0.039395 0.015109
0.350000 0.034674 0.015878
0.400000 0.030934 0.016584
0.450000 0.027938 0.017241
0.500000 0.025475 0.017857
0.600000 0.021649 0.018985
0.800000 0.016406 0.020869
1.000000 0.013017 0.022394
1.200000 0.010674 0.023674
A M4 OVER SUBSTRATE
0.100000 0.095995 0.010425
0.200000 0.055494 0.012193
0.250000 0.046601 0.012882
0.300000 0.040462 0.013481
0.350000 0.035873 0.014009
0.400000 0.032260 0.014476
0.450000 0.029384 0.014897
0.500000 0.027037 0.015279
0.600000 0.023420 0.015956
0.800000 0.018502 0.017042
1.000000 0.015322 0.017915
1.200000 0.013091 0.018671
A M5 OVER M4
0.100000 0.096199 0.029358
0.200000 0.051289 0.037682
0.250000 0.041173 0.040880
0.300000 0.034200 0.043618
0.350000 0.029003 0.045938
0.400000 0.024936 0.047881
0.450000 0.021751 0.049573
0.500000 0.019195 0.051062
0.600000 0.015365 0.053579
0.800000 0.010416 0.057068
1.000000 0.007515 0.059357
1.200000 0.005691 0.061015
A M5 OVER M3
0.100000 0.104650 0.014142
0.200000 0.060719 0.017141
0.250000 0.050675 0.018453
0.300000 0.043593 0.019673
0.350000 0.038201 0.020807
0.400000 0.033894 0.021858
0.450000 0.030418 0.022841
0.500000 0.027545 0.023764
0.600000 0.023065 0.025453
0.800000 0.016939 0.028210
1.000000 0.013038 0.030355
1.200000 0.010402 0.032084
A M5 OVER M2
0.100000 0.105730 0.012609
0.200000 0.062300 0.014697
0.250000 0.052480 0.015554
0.300000 0.045599 0.016329
0.350000 0.040385 0.017039
0.400000 0.036231 0.017694
0.450000 0.032884 0.018306
0.500000 0.030119 0.018883
0.600000 0.025792 0.019953
0.800000 0.019797 0.021791
1.000000 0.015862 0.023335
1.200000 0.013101 0.024671
A M5 OVER M1
0.100000 0.106084 0.012123
0.200000 0.062838 0.013911
0.250000 0.053109 0.014610
0.300000 0.046319 0.015222
0.350000 0.041193 0.015770
0.400000 0.037122 0.016263
0.450000 0.033854 0.016715
0.500000 0.031163 0.017135
0.600000 0.026969 0.017903
0.800000 0.021173 0.019210
1.000000 0.017357 0.020324
1.200000 0.014650 0.021319
A M5 OVER SUBSTRATE
0.100000 0.106372 0.011733
0.200000 0.063268 0.013294
0.250000 0.053612 0.013873
0.300000 0.046894 0.014363
0.350000 0.041840 0.014785
0.400000 0.037840 0.015153
0.450000 0.034641 0.015479
0.500000 0.032018 0.015773
0.600000 0.027955 0.016288
0.800000 0.022390 0.017112
1.000000 0.018763 0.017784
1.200000 0.016200 0.018380
A TM OVER M5
0.400000 0.122977 0.023022
0.800000 0.065068 0.030212
1.000000 0.052360 0.033213
1.200000 0.043625 0.035885
1.400000 0.037132 0.038240
1.600000 0.032055 0.040292
1.800000 0.028061 0.042119
2.000000 0.024844 0.043755
2.400000 0.019994 0.046575
3.200000 0.013633 0.050672
4.000000 0.009787 0.053527
4.800000 0.007275 0.055696
A TM OVER M4
0.400000 0.126265 0.017780
0.800000 0.068884 0.022788
1.000000 0.056254 0.024955
1.200000 0.047512 0.026937
1.400000 0.040969 0.028737
1.600000 0.035814 0.030363
1.800000 0.031714 0.031848
2.000000 0.028371 0.033213
2.400000 0.023246 0.035641
3.200000 0.016366 0.039412
4.000000 0.012065 0.042228
4.800000 0.009179 0.044460
A TM OVER M3
0.400000 0.127756 0.015488
0.800000 0.070833 0.019342
1.000000 0.058352 0.021005
1.200000 0.049711 0.022534
1.400000 0.043232 0.023942
1.600000 0.038118 0.025233
1.800000 0.034030 0.026431
2.000000 0.030679 0.027547
2.400000 0.025493 0.029578
3.200000 0.018423 0.032891
4.000000 0.013891 0.035507
4.800000 0.010779 0.037663
A TM OVER M2
0.400000 0.128586 0.014265
0.800000 0.071987 0.017435
1.000000 0.059631 0.018778
1.200000 0.051091 0.020007
1.400000 0.044692 0.021140
1.600000 0.039638 0.022187
1.800000 0.035593 0.023164
2.000000 0.032270 0.024083
2.400000 0.027101 0.025778
3.200000 0.019989 0.028644
4.000000 0.015351 0.031008
4.800000 0.012109 0.033025
A TM OVER M1
0.400000 0.129097 0.013531
0.800000 0.072725 0.016264
1.000000 0.060467 0.017392
1.200000 0.052011 0.018414
1.400000 0.045683 0.019352
1.600000 0.040689 0.020218
1.800000 0.036693 0.021028
2.000000 0.033407 0.021792
2.400000 0.028286 0.023215
3.200000 0.021200 0.025684
4.000000 0.016525 0.027793
4.800000 0.013213 0.029647
A TM OVER SUBSTRATE
0.400000 0.129673 0.012720
0.800000 0.073583 0.014949
1.000000 0.061456 0.015818
1.200000 0.053122 0.016583
1.400000 0.046904 0.017270
1.600000 0.042008 0.017897
1.800000 0.038098 0.018478
2.000000 0.034886 0.019025
2.400000 0.029881 0.020047
3.200000 0.022926 0.021878
4.000000 0.018279 0.023527
4.800000 0.014930 0.025051
A RDL OVER TM
2.000000 0.030597 0.104125
4.000000 0.009841 0.118015
5.000000 0.006274 0.121438
6.000000 0.004148 0.123423
7.000000 0.002889 0.124622
8.000000 0.002127 0.125426
9.000000 0.001640 0.126005
10.000000 0.001312 0.126451
12.000000 0.000881 0.126919
16.000000 0.000496 0.127324
20.000000 0.000328 0.127541
24.000000 0.000231 0.127647
A RDL OVER M5
2.000000 0.043538 0.034783
4.000000 0.019441 0.044058
5.000000 0.014110 0.047485
6.000000 0.010423 0.050125
7.000000 0.007840 0.052156
8.000000 0.006017 0.053745
9.000000 0.004707 0.055000
10.000000 0.003751 0.056008
12.000000 0.002424 0.057278
16.000000 0.001194 0.058518
20.000000 0.000713 0.059139
24.000000 0.000466 0.059413
A RDL OVER M4
2.000000 0.045287 0.030009
4.000000 0.021045 0.038387
5.000000 0.015573 0.041616
6.000000 0.011730 0.044193
7.000000 0.008983 0.046241
8.000000 0.007001 0.047886
9.000000 0.005546 0.049217
10.000000 0.004461 0.050304
12.000000 0.002925 0.051734
16.000000 0.001444 0.053200
20.000000 0.000851 0.053945
24.000000 0.000545 0.054277
A RDL OVER M3
2.000000 0.046762 0.026464
4.000000 0.022447 0.034078
5.000000 0.016878 0.037111
6.000000 0.012923 0.039598
7.000000 0.010052 0.041628
8.000000 0.007944 0.043297
9.000000 0.006367 0.044674
10.000000 0.005171 0.045817
12.000000 0.003447 0.047380
16.000000 0.001720 0.049057
20.000000 0.001006 0.049926
24.000000 0.000636 0.050322
A RDL OVER M2
2.000000 0.047961 0.023733
4.000000 0.023633 0.030692
5.000000 0.018004 0.033536
6.000000 0.013974 0.035921
7.000000 0.011014 0.037909
8.000000 0.008809 0.039575
9.000000 0.007136 0.040972
10.000000 0.005849 0.042150
12.000000 0.003964 0.043813
16.000000 0.002011 0.045675
20.000000 0.001174 0.046663
24.000000 0.000736 0.047123
A RDL OVER M1
2.000000 0.048973 0.021570
4.000000 0.024663 0.027966
5.000000 0.018997 0.030635
6.000000 0.014914 0.032912
7.000000 0.011889 0.034845
8.000000 0.009609 0.036491
9.000000 0.007860 0.037892
10.000000 0.006497 0.039088
12.000000 0.004474 0.040825
16.000000 0.002312 0.042846
20.000000 0.001354 0.043946
24.000000 0.000845 0.044473
A RDL OVER SUBSTRATE
2.000000 0.050592 0.018355
4.000000 0.026374 0.023827
5.000000 0.020677 0.026184
6.000000 0.016536 0.028250
7.000000 0.013426 0.030052
8.000000 0.011044 0.031627
9.000000 0.009182 0.033001
10.000000 0.007704 0.034199
12.000000 0.005460 0.036024
16.000000 0.002935 0.038291
20.000000 0.001745 0.039589
24.000000 0.001090 0.040247
B M1 OVER SUBSTRATE UNDER M2
0.090000 0.095151 0.028368
0.180000 0.048489 0.037793
0.225000 0.037877 0.041639
0.270000 0.030518 0.045009
0.315000 0.025122 0.047976
0.360000 0.020863 0.050497
0.405000 0.017479 0.052659
0.450000 0.014780 0.054549
0.540000 0.010799 0.057671
0.720000 0.006027 0.061912
0.900000 0.003439 0.064261
1.080000 0.002030 0.065724
B M1 OVER SUBSTRATE UNDER M3
0.090000 0.102966 0.014467
0.180000 0.057542 0.018422
0.225000 0.047160 0.020231
0.270000 0.039821 0.021951
0.315000 0.034290 0.023595
0.360000 0.029826 0.025145
0.405000 0.026163 0.026606
0.450000 0.023119 0.027990
0.540000 0.018343 0.030537
0.720000 0.011928 0.034739
0.900000 0.007876 0.037800
1.080000 0.005292 0.040068
B M1 OVER SUBSTRATE UNDER M4
0.090000 0.103847 0.013224
0.180000 0.058870 0.016381
0.225000 0.048694 0.017783
0.270000 0.041545 0.019103
0.315000 0.036183 0.020360
0.360000 0.031865 0.021549
0.405000 0.028324 0.022679
0.450000 0.025380 0.023759
0.540000 0.020735 0.025785
0.720000 0.014362 0.029302
0.900000 0.010152 0.032089
1.080000 0.007300 0.034324
B M1 OVER SUBSTRATE UNDER M5
0.090000 0.104102 0.012875
0.180000 0.059271 0.015794
0.225000 0.049172 0.017066
0.270000 0.042098 0.018252
0.315000 0.036810 0.019372
0.360000 0.032563 0.020427
0.405000 0.029089 0.021425
0.450000 0.026206 0.022377
0.540000 0.021669 0.024161
0.720000 0.015441 0.027282
0.900000 0.011282 0.029812
1.080000 0.008411 0.031902
B M1 OVER SUBSTRATE UNDER TM
0.090000 0.104292 0.012616
0.180000 0.059571 0.015362
0.225000 0.049529 0.016539
0.270000 0.042514 0.017626
0.315000 0.037286 0.018643
0.360000 0.033097 0.019594
0.405000 0.029680 0.020487
0.450000 0.026854 0.021335
0.540000 0.022423 0.022915
0.720000 0.016374 0.025661
0.900000 0.012337 0.027893
1.080000 0.009535 0.029759
B M1 OVER SUBSTRATE UNDER RDL
0.090000 0.104357 0.012528
0.180000 0.059674 0.015215
0.225000 0.049652 0.016361
0.270000 0.042657 0.017414
0.315000 0.037449 0.018397
0.360000 0.033282 0.019312
0.405000 0.029886 0.020170
0.450000 0.027080 0.020982
0.540000 0.022691 0.022489
0.720000 0.016719 0.025094
0.900000 0.012749 0.027199
1.080000 0.010001 0.028954
B M2 OVER M1 UNDER M3
0.100000 0.076187 0.045395
0.200000 0.032134 0.060822
0.250000 0.022441 0.066605
0.300000 0.016027 0.071311
0.350000 0.011517 0.074974
0.400000 0.008248 0.077681
0.450000 0.005947 0.079759
0.500000 0.004319 0.081357
0.600000 0.002334 0.083580
0.800000 0.000654 0.085402
1.000000 0.000193 0.085942
1.200000 0.000066 0.086200
B M2 OVER M1 UNDER M4
0.100000 0.084559 0.029800
0.200000 0.041503 0.039579
0.250000 0.031796 0.043524
0.300000 0.025084 0.046973
0.350000 0.020089 0.049934
0.400000 0.016209 0.052418
0.450000 0.013204 0.054558
0.500000 0.010839 0.056404
0.600000 0.007434 0.059390
0.800000 0.003521 0.062965
1.000000 0.001710 0.064774
1.200000 0.000867 0.065800
B M2 OVER M1 UNDER M5
0.100000 0.085573 0.028352
0.200000 0.043012 0.037221
0.250000 0.033514 0.040728
0.300000 0.026975 0.043776
0.350000 0.022110 0.046391
0.400000 0.018315 0.048596
0.450000 0.015357 0.050515
0.500000 0.013002 0.052195
0.600000 0.009530 0.054986
0.800000 0.005275 0.058611
1.000000 0.003037 0.060714
1.200000 0.001813 0.062055
B M2 OVER M1 UNDER TM
0.100000 0.086012 0.027748
0.200000 0.043710 0.036194
0.250000 0.034342 0.039478
0.300000 0.027926 0.042307
0.350000 0.023173 0.044712
0.400000 0.019475 0.046728
0.450000 0.016600 0.048476
0.500000 0.014313 0.050005
0.600000 0.010936 0.052552
0.800000 0.006718 0.055928
1.000000 0.004386 0.057993
1.200000 0.003006 0.059403
B M2 OVER M1 UNDER RDL
0.100000 0.086109 0.027617
0.200000 0.043866 0.035969
0.250000 0.034529 0.039203
0.300000 0.028144 0.041981
0.350000 0.023420 0.044337
0.400000 0.019750 0.046305
0.450000 0.016901 0.048008
0.500000 0.014638 0.049494
0.600000 0.011303 0.051965
0.800000 0.007143 0.055230
1.000000 0.004841 0.057228
1.200000 0.003472 0.058598
B M2 OVER SUBSTRATE UNDER M3
0.100000 0.085303 0.029187
0.200000 0.042631 0.038645
0.250000 0.033098 0.042403
0.300000 0.026552 0.045648
0.350000 0.021699 0.048401
0.400000 0.017932 0.050690
0.450000 0.015019 0.052654
0.500000 0.012718 0.054351
0.600000 0.009364 0.057126
0.800000 0.005298 0.060634
1.000000 0.003162 0.062643
1.200000 0.001971 0.063944
B M2 OVER SUBSTRATE UNDER M4
0.100000 0.093743 0.013513
0.200000 0.052127 0.017213
0.250000 0.042703 0.018899
0.300000 0.036059 0.020497
0.350000 0.030995 0.022006
0.400000 0.026941 0.023419
0.450000 0.023659 0.024751
0.500000 0.020942 0.026007
0.600000 0.016695 0.028306
0.800000 0.010923 0.031992
1.000000 0.007352 0.034718
1.200000 0.005060 0.036766
B M2 OVER SUBSTRATE UNDER M5
0.100000 0.094785 0.012031
0.200000 0.053673 0.014804
0.250000 0.044475 0.016025
0.300000 0.038032 0.017171
0.350000 0.033143 0.018253
0.400000 0.029235 0.019272
0.450000 0.026073 0.020244
0.500000 0.023447 0.021172
0.600000 0.019308 0.022918
0.800000 0.013529 0.025918
1.000000 0.009749 0.028368
1.200000 0.007155 0.030378
B M2 OVER SUBSTRATE UNDER TM
0.100000 0.095262 0.011378
0.200000 0.054421 0.013712
0.250000 0.045362 0.014694
0.300000 0.039058 0.015594
0.350000 0.034305 0.016427
0.400000 0.030527 0.017199
0.450000 0.027488 0.017926
0.500000 0.024979 0.018616
0.600000 0.021047 0.019905
0.800000 0.015562 0.022145
1.000000 0.011924 0.024044
1.200000 0.009348 0.025690
B M2 OVER SUBSTRATE UNDER RDL
0.100000 0.095383 0.011214
0.200000 0.054610 0.013442
0.250000 0.045587 0.014367
0.300000 0.039320 0.015207
0.350000 0.034604 0.015977
0.400000 0.030864 0.016686
0.450000 0.027863 0.017348
0.500000 0.025391 0.017972
0.600000 0.021533 0.019129
0.800000 0.016186 0.021113
1.000000 0.012666 0.022779
1.200000 0.010183 0.024219
B M3 OVER M2 UNDER M4
0.100000 0.076187 0.045395
0.200000 0.032134 0.060822
0.250000 0.022441 0.066605
0.300000 0.016027 0.071311
0.350000 0.011517 0.074974
0.400000 0.008248 0.077681
0.450000 0.005947 0.079759
0.500000 0.004319 0.081357
0.600000 0.002334 0.083580
0.800000 0.000654 0.085402
1.000000 0.000193 0.085942
1.200000 0.000066 0.086200
B M3 OVER M2 UNDER M5
0.100000 0.084559 0.029800
0.200000 0.041503 0.039579
0.250000 0.031796 0.043524
0.300000 0.025084 0.046973
0.350000 0.020089 0.049934
0.400000 0.016209 0.052418
0.450000 0.013204 0.054558
0.500000 0.010839 0.056404
0.600000 0.007434 0.059390
0.800000 0.003521 0.062965
1.000000 0.001710 0.064774
1.200000 0.000867 0.065800
B M3 OVER M2 UNDER TM
0.100000 0.085899 0.027906
0.200000 0.043533 0.036458
0.250000 0.034134 0.039798
0.300000 0.027689 0.042681
0.350000 0.022909 0.045137
0.400000 0.019189 0.047199
0.450000 0.016295 0.048988
0.500000 0.013993 0.050553
0.600000 0.010596 0.053159
0.800000 0.006372 0.056595
1.000000 0.004061 0.058674
1.200000 0.002714 0.060073
B M3 OVER M2 UNDER RDL
0.100000 0.086050 0.027701
0.200000 0.043778 0.036107
0.250000 0.034428 0.039367
0.300000 0.028032 0.042169
0.350000 0.023300 0.044546
0.400000 0.019625 0.046533
0.450000 0.016773 0.048250
0.500000 0.014509 0.049747
0.600000 0.011179 0.052232
0.800000 0.007043 0.055497
1.000000 0.004772 0.057476
1.200000 0.003430 0.058827
B M3 OVER M1 UNDER M4
0.100000 0.084505 0.030342
0.200000 0.041356 0.040578
0.250000 0.031596 0.044730
0.300000 0.024847 0.048349
0.350000 0.019828 0.051436
0.400000 0.015936 0.054006
0.450000 0.012935 0.056201
0.500000 0.010582 0.058081
0.600000 0.007218 0.061093
0.800000 0.003391 0.064632
1.000000 0.001639 0.066393
1.200000 0.000829 0.067387
B M3 OVER M1 UNDER M5
0.100000 0.092928 0.014689
0.200000 0.050827 0.019179
0.250000 0.041162 0.021280
0.300000 0.034292 0.023293
0.350000 0.029024 0.025201
0.400000 0.024796 0.026985
0.450000 0.021369 0.028659
0.500000 0.018534 0.030224
0.600000 0.014139 0.033038
0.800000 0.008356 0.037299
1.000000 0.005021 0.040162
1.200000 0.003078 0.042110
B M3 OVER M1 UNDER TM
0.100000 0.094295 0.012761
0.200000 0.052896 0.016005
0.250000 0.043560 0.017468
0.300000 0.036992 0.018852
0.350000 0.031995 0.020157
0.400000 0.028001 0.021382
0.450000 0.024771 0.022539
0.500000 0.022097 0.023633
0.600000 0.017916 0.025648
0.800000 0.012206 0.028939
1.000000 0.008611 0.031453
1.200000 0.006241 0.033412
B M3 OVER M1 UNDER RDL
0.100000 0.094461 0.012536
0.200000 0.053162 0.015626
0.250000 0.043880 0.017003
0.300000 0.037367 0.018296
0.350000 0.032426 0.019508
0.400000 0.028488 0.020637
0.450000 0.025315 0.021698
0.500000 0.022696 0.022696
0.600000 0.018622 0.024521
0.800000 0.013091 0.027471
1.000000 0.009626 0.029713
1.200000 0.007336 0.031467
B M3 OVER SUBSTRATE UNDER M4
0.100000 0.085773 0.028544
0.200000 0.043255 0.037653
0.250000 0.033772 0.041258
0.300000 0.027260 0.044367
0.350000 0.022429 0.047006
0.400000 0.018673 0.049206
0.450000 0.015760 0.051100
0.500000 0.013452 0.052742
0.600000 0.010069 0.055447
0.800000 0.005914 0.058929
1.000000 0.003681 0.060980
1.200000 0.002401 0.062339
B M3 OVER SUBSTRATE UNDER M5
0.100000 0.094220 0.012861
0.200000 0.052762 0.016207
0.250000 0.043394 0.017727
0.300000 0.036795 0.019170
0.350000 0.031769 0.020534
0.400000 0.027748 0.021814
0.450000 0.024494 0.023025
0.500000 0.021798 0.024169
0.600000 0.017580 0.026275
0.800000 0.011826 0.029701
1.000000 0.008220 0.032296
1.200000 0.005860 0.034298
B M3 OVER SUBSTRATE UNDER TM
0.100000 0.095627 0.010881
0.200000 0.054879 0.012968
0.250000 0.045845 0.013842
0.300000 0.039557 0.014642
0.350000 0.034813 0.015383
0.400000 0.031044 0.016074
0.450000 0.028010 0.016725
0.500000 0.025504 0.017345
0.600000 0.021577 0.018508
0.800000 0.016101 0.020550
1.000000 0.012460 0.022312
1.200000 0.009866 0.023864
B M3 OVER SUBSTRATE UNDER RDL
0.100000 0.095823 0.010618
0.200000 0.055184 0.012536
0.250000 0.046207 0.013317
0.300000 0.039978 0.014021
0.350000 0.035295 0.014662
0.400000 0.031587 0.015250
0.450000 0.028615 0.015797
0.500000 0.026170 0.016310
0.600000 0.022365 0.017257
0.800000 0.017114 0.018879
1.000000 0.013663 0.020253
1.200000 0.011218 0.021463
B M4 OVER M3 UNDER M5
0.100000 0.076187 0.045395
0.200000 0.032134 0.060822
0.250000 0.022441 0.066605
0.300000 0.016027 0.071311
0.350000 0.011517 0.074974
0.400000 0.008248 0.077681
0.450000 0.005947 0.079759
0.500000 0.004319 0.081357
0.600000 0.002334 0.083580
0.800000 0.000654 0.085402
1.000000 0.000193 0.085942
1.200000 0.000066 0.086200
B M4 OVER M3 UNDER TM
0.100000 0.085579 0.028385
0.200000 0.043091 0.037205
0.250000 0.033647 0.040667
0.300000 0.027168 0.043659
0.350000 0.022366 0.046208
0.400000 0.018633 0.048343
0.450000 0.015734 0.050191
0.500000 0.013435 0.051802
0.600000 0.010060 0.054467
0.800000 0.005907 0.057927
1.000000 0.003673 0.059975
1.200000 0.002391 0.061336
B M4 OVER M3 UNDER RDL
0.100000 0.085879 0.027974
0.200000 0.043573 0.036506
0.250000 0.034221 0.039814
0.300000 0.027832 0.042652
0.350000 0.023115 0.045053
0.400000 0.019459 0.047051
0.450000 0.016630 0.048771
0.500000 0.014392 0.050264
0.600000 0.011117 0.052728
0.800000 0.007069 0.055931
1.000000 0.004848 0.057864
1.200000 0.003524 0.059193
B M4 OVER M2 UNDER M5
0.100000 0.084505 0.030342
0.200000 0.041356 0.040578
0.250000 0.031596 0.044730
0.300000 0.024847 0.048349
0.350000 0.019828 0.051436
0.400000 0.015936 0.054006
0.450000 0.012935 0.056201
0.500000 0.010582 0.058081
0.600000 0.007218 0.061093
0.800000 0.003391 0.064632
1.000000 0.001639 0.066393
1.200000 0.000829 0.067387
B M4 OVER M2 UNDER TM
0.100000 0.093970 0.013246
0.200000 0.052447 0.016762
0.250000 0.043060 0.018356
0.300000 0.036450 0.019863
0.350000 0.031418 0.021284
0.400000 0.027395 0.022614
0.450000 0.024143 0.023866
0.500000 0.021451 0.025047
0.600000 0.017249 0.027211
0.800000 0.011530 0.030702
1.000000 0.007962 0.033321
1.200000 0.005637 0.035327
B M4 OVER M2 UNDER RDL
0.100000 0.094292 0.012808
0.200000 0.052958 0.016023
0.250000 0.043671 0.017452
0.300000 0.037162 0.018789
0.350000 0.032231 0.020035
0.400000 0.028306 0.021191
0.450000 0.025149 0.022270
0.500000 0.022549 0.023281
0.600000 0.018516 0.025119
0.800000 0.013056 0.028059
1.000000 0.009642 0.030276
1.200000 0.007381 0.032011
B M4 OVER M1 UNDER M5
0.100000 0.085507 0.028911
0.200000 0.042835 0.038271
0.250000 0.033275 0.042006
0.300000 0.026691 0.045245
0.350000 0.021794 0.048006
0.400000 0.017981 0.050315
0.450000 0.015021 0.052307
0.500000 0.012675 0.054035
0.600000 0.009240 0.056876
0.800000 0.005075 0.060485
1.000000 0.002910 0.062538
1.200000 0.001734 0.063839
B M4 OVER M1 UNDER TM
0.100000 0.095003 0.011776
0.200000 0.053968 0.014399
0.250000 0.044800 0.015546
0.300000 0.038385 0.016619
0.350000 0.033522 0.017629
0.400000 0.029642 0.018578
0.450000 0.026507 0.019479
0.500000 0.023908 0.020340
0.600000 0.019819 0.021955
0.800000 0.014118 0.024739
1.000000 0.010375 0.027036
1.200000 0.007779 0.028953
B M4 OVER M1 UNDER RDL
0.100000 0.095345 0.011311
0.200000 0.054505 0.013625
0.250000 0.045439 0.014604
0.300000 0.039128 0.015502
0.350000 0.034369 0.016331
0.400000 0.030592 0.017099
0.450000 0.027557 0.017819
0.500000 0.025057 0.018498
0.600000 0.021156 0.019754
0.800000 0.015767 0.021888
1.000000 0.012245 0.023650
1.200000 0.009782 0.025150
B M4 OVER SUBSTRATE UNDER M5
0.100000 0.085915 0.028347
0.200000 0.043478 0.037324
0.250000 0.034033 0.040860
0.300000 0.027558 0.043903
0.350000 0.022759 0.046480
0.400000 0.019031 0.048624
0.450000 0.016141 0.050467
0.500000 0.013852 0.052065
0.600000 0.010494 0.054700
0.800000 0.006345 0.058111
1.000000 0.004083 0.060152
1.200000 0.002758 0.061530
B M4 OVER SUBSTRATE UNDER TM
0.100000 0.095451 0.011160
0.200000 0.054661 0.013384
0.250000 0.045618 0.014317
0.300000 0.039328 0.015168
0.350000 0.034587 0.015953
0.400000 0.030824 0.016679
0.450000 0.027800 0.017361
0.500000 0.025305 0.018006
0.600000 0.021402 0.019208
0.800000 0.015967 0.021296
1.000000 0.012355 0.023081
1.200000 0.009780 0.024649
B M4 OVER SUBSTRATE UNDER RDL
0.100000 0.095827 0.010650
0.200000 0.055243 0.012548
0.250000 0.046307 0.013305
0.300000 0.040124 0.013974
0.350000 0.035492 0.014573
0.400000 0.031835 0.015112
0.450000 0.028916 0.015605
0.500000 0.026524 0.016060
0.600000 0.022821 0.016883
0.800000 0.017732 0.018260
1.000000 0.014390 0.019418
1.200000 0.012006 0.020453
B M5 OVER M4 UNDER TM
0.100000 0.095367 0.030494
0.200000 0.049963 0.039599
0.250000 0.039594 0.043217
0.300000 0.032373 0.046377
0.350000 0.026944 0.049108
0.400000 0.022666 0.051439
0.450000 0.019290 0.053492
0.500000 0.016566 0.055315
0.600000 0.012469 0.058410
0.800000 0.007259 0.062645
1.000000 0.004362 0.065270
1.200000 0.002695 0.067017
B M5 OVER M4 UNDER RDL
0.100000 0.096073 0.029529
0.200000 0.051090 0.037967
0.250000 0.040936 0.041227
0.300000 0.033924 0.044028
0.350000 0.028691 0.046410
0.400000 0.024588 0.048414
0.450000 0.021368 0.050164
0.500000 0.018779 0.051709
0.600000 0.014890 0.054331
0.800000 0.009848 0.057987
1.000000 0.006882 0.060400
1.200000 0.005015 0.062148
B M5 OVER M3 UNDER TM
0.100000 0.103759 0.015354
0.200000 0.059314 0.019165
0.250000 0.048999 0.020923
0.300000 0.041644 0.022606
0.350000 0.035983 0.024214
0.400000 0.031415 0.025736
0.450000 0.027689 0.027186
0.500000 0.024579 0.028567
0.600000 0.019672 0.031129
0.800000 0.012922 0.035337
1.000000 0.008685 0.038521
1.200000 0.005944 0.040940
B M5 OVER M3 UNDER RDL
0.100000 0.104498 0.014347
0.200000 0.060485 0.017476
0.250000 0.050396 0.018859
0.300000 0.043268 0.020152
0.350000 0.037831 0.021363
0.400000 0.033477 0.022492
0.450000 0.029954 0.023554
0.500000 0.027035 0.024556
0.600000 0.022464 0.026404
0.800000 0.016171 0.029461
1.000000 0.012126 0.031875
1.200000 0.009370 0.033839
B M5 OVER M2 UNDER TM
0.100000 0.104787 0.013889
0.200000 0.060828 0.016811
0.250000 0.050730 0.018125
0.300000 0.043568 0.019376
0.350000 0.038076 0.020574
0.400000 0.033650 0.021718
0.450000 0.030039 0.022821
0.500000 0.027019 0.023885
0.600000 0.022221 0.025906
0.800000 0.015476 0.029431
1.000000 0.011048 0.032327
1.200000 0.008019 0.034696
B M5 OVER M2 UNDER RDL
0.100000 0.105554 0.012847
0.200000 0.062032 0.015077
0.250000 0.052164 0.016011
0.300000 0.045233 0.016866
0.350000 0.039969 0.017659
0.400000 0.035765 0.018399
0.450000 0.032367 0.019097
0.500000 0.029550 0.019761
0.600000 0.025120 0.021009
0.800000 0.018928 0.023198
1.000000 0.014810 0.025079
1.200000 0.011885 0.026731
B M5 OVER M1 UNDER TM
0.100000 0.105093 0.013467
0.200000 0.061303 0.016112
0.250000 0.051290 0.017277
0.300000 0.044213 0.018376
0.350000 0.038802 0.019420
0.400000 0.034453 0.020413
0.450000 0.030914 0.021367
0.500000 0.027961 0.022287
0.600000 0.023276 0.024039
0.800000 0.016675 0.027133
1.000000 0.012290 0.029744
1.200000 0.009228 0.031951
B M5 OVER M1 UNDER RDL
0.100000 0.105884 0.012393
0.200000 0.062538 0.014336
0.250000 0.052757 0.015118
0.300000 0.045913 0.015816
0.350000 0.040733 0.016452
0.400000 0.036609 0.017035
0.450000 0.033287 0.017579
0.500000 0.030541 0.018091
0.600000 0.026237 0.019047
0.800000 0.020227 0.020733
1.000000 0.016208 0.022219
1.200000 0.013313 0.023574
B M5 OVER SUBSTRATE UNDER TM
0.100000 0.105302 0.013182
0.200000 0.061628 0.015641
0.250000 0.051676 0.016705
0.300000 0.044661 0.017698
0.350000 0.039312 0.018633
0.400000 0.035024 0.019517
0.450000 0.031544 0.020361
0.500000 0.028649 0.021170
0.600000 0.024074 0.022705
0.800000 0.017651 0.025408
1.000000 0.013385 0.027705
1.200000 0.010382 0.029678
B M5 OVER SUBSTRATE UNDER RDL
0.100000 0.106128 0.012060
0.200000 0.062908 0.013802
0.250000 0.053193 0.014475
0.300000 0.046415 0.015062
0.350000 0.041301 0.015583
0.400000 0.037241 0.016050
0.450000 0.033982 0.016477
0.500000 0.031299 0.016872
0.600000 0.027115 0.017593
0.800000 0.021316 0.018830
1.000000 0.017463 0.019912
1.200000 0.014686 0.020914
B TM OVER M5 UNDER RDL
0.400000 0.114946 0.035468
0.800000 0.054317 0.049111
1.000000 0.040629 0.054937
1.200000 0.031172 0.060103
1.400000 0.024190 0.064547
1.600000 0.018837 0.068251
1.800000 0.014767 0.071378
2.000000 0.011643 0.074007
2.400000 0.007349 0.078074
3.200000 0.002883 0.082390
4.000000 0.001158 0.084212
4.800000 0.000499 0.085144
B TM OVER M4 UNDER RDL
0.400000 0.118203 0.030265
0.800000 0.058088 0.041748
1.000000 0.044451 0.046789
1.200000 0.034937 0.051359
1.400000 0.027825 0.055400
1.600000 0.022288 0.058881
1.800000 0.017988 0.061912
2.000000 0.014605 0.064539
2.400000 0.009768 0.068778
3.200000 0.004349 0.073757
4.000000 0.001974 0.076162
4.800000 0.000941 0.077472
B TM OVER M3 UNDER RDL
0.400000 0.119670 0.028003
0.800000 0.060006 0.038343
1.000000 0.046504 0.042904
1.200000 0.037065 0.047068
1.400000 0.029978 0.050791
1.600000 0.024424 0.054047
1.800000 0.020068 0.056925
2.000000 0.016597 0.059462
2.400000 0.011526 0.063659
3.200000 0.005583 0.068910
4.000000 0.002758 0.071679
4.800000 0.001418 0.073274
B TM OVER M2 UNDER RDL
0.400000 0.120480 0.026806
0.800000 0.061134 0.036471
1.000000 0.047750 0.040724
1.200000 0.038397 0.044614
1.400000 0.031365 0.048106
1.600000 0.025838 0.051182
1.800000 0.021481 0.053924
2.000000 0.017987 0.056363
2.400000 0.012818 0.060459
3.200000 0.006583 0.065796
4.000000 0.003457 0.068784
4.800000 0.001878 0.070581
B TM OVER M1 UNDER RDL
0.400000 0.120973 0.026095
0.800000 0.061850 0.035330
1.000000 0.048558 0.039377
1.200000 0.039279 0.043076
1.400000 0.032304 0.046401
1.600000 0.026814 0.049338
1.800000 0.022476 0.051967
2.000000 0.018985 0.054318
2.400000 0.013783 0.058305
3.200000 0.007387 0.063638
4.000000 0.004060 0.066751
4.800000 0.002303 0.068690
B TM OVER SUBSTRATE UNDER RDL
0.400000 0.121514 0.025329
0.800000 0.062667 0.034070
1.000000 0.049499 0.037869
1.200000 0.040331 0.041329
1.400000 0.033447 0.044436
1.600000 0.028028 0.047183
1.800000 0.023742 0.049649
2.000000 0.020282 0.051863
2.400000 0.015093 0.055654
3.200000 0.008572 0.060876
4.000000 0.005026 0.064085
4.800000 0.003039 0.066185
