* ============================================================================
* PROVENANCE - VENDOR DATA, UNVERIFIED REDISTRIBUTION STATUS
* ============================================================================
* Content : ICsprout 55nm StarRC RC technology data
*           (CAPTAB capacitance table: kCaptabCbest.txt)
* Vendor  : ICsprout (foundry), delivered inside the proprietary ECOS iRCX
*           library libircx_ics55.so as XOR-ciphertext blobs.
* Origin  : decrypted by the upstream open-PDK project and published at
*           https://github.com/ckdur/icsprout55-openpdk
*           path hacking/decrypted_output/kCaptabCbest.txt
*           pinned commit 195870e61e9fa92d049df2daa4a7f5000c6aad3e (2026-10-08T15:20:54Z)
* License : Vendor (ICsprout). NOT Apache-2.0. These files are NOT part of the
*           released ICsprout PDK and were NOT obtained under a redistribution
*           grant. Included strictly for educational study and offline
*           comparison against the clean-room RC stack.
* Warning : Do not treat as signoff data. Do not redistribute. Use the
*           released LEFs plus independent extraction for production flows.
* Note    : Everything below this banner is byte-identical to the upstream
*           file; see ORIGIN.json for SHA-256 hashes of both.
* ============================================================================
A M1 OVER SUBSTRATE
0.090000 0.093836 0.012439
0.180000 0.054427 0.015074
0.225000 0.045470 0.016180
0.270000 0.039193 0.017191
0.315000 0.034503 0.018127
0.360000 0.030734 0.018994
0.405000 0.027655 0.019802
0.450000 0.025107 0.020563
0.540000 0.021114 0.021969
0.720000 0.015672 0.024377
0.900000 0.012052 0.026298
1.080000 0.009552 0.027886
A M2 OVER M1
0.100000 0.077314 0.021701
0.200000 0.040529 0.028566
0.250000 0.032210 0.031333
0.300000 0.026459 0.033749
0.350000 0.022169 0.035828
0.400000 0.018813 0.037593
0.450000 0.016190 0.039131
0.500000 0.014097 0.040481
0.600000 0.010994 0.042738
0.800000 0.007098 0.045748
1.000000 0.004930 0.047604
1.200000 0.003637 0.048879
A M2 OVER SUBSTRATE
0.100000 0.083932 0.010974
0.200000 0.048705 0.013157
0.250000 0.040838 0.014037
0.300000 0.035367 0.014822
0.350000 0.031240 0.015531
0.400000 0.027958 0.016175
0.450000 0.025324 0.016771
0.500000 0.023155 0.017327
0.600000 0.019768 0.018347
0.800000 0.015066 0.020063
1.000000 0.011975 0.021479
1.200000 0.009804 0.022688
A M3 OVER M2
0.100000 0.077279 0.021752
0.200000 0.040478 0.028647
0.250000 0.032153 0.031429
0.300000 0.026397 0.033858
0.350000 0.022104 0.035948
0.400000 0.018747 0.037721
0.450000 0.016124 0.039266
0.500000 0.014032 0.040620
0.600000 0.010937 0.042880
0.800000 0.007064 0.045881
1.000000 0.004921 0.047717
1.200000 0.003650 0.048973
A M3 OVER M1
0.100000 0.083185 0.011946
0.200000 0.047515 0.014804
0.250000 0.039432 0.016041
0.300000 0.033757 0.017184
0.350000 0.029443 0.018244
0.400000 0.025997 0.019223
0.450000 0.023218 0.020136
0.500000 0.020923 0.020993
0.600000 0.017348 0.022553
0.800000 0.012475 0.025065
1.000000 0.009407 0.026971
1.200000 0.007373 0.028462
A M3 OVER SUBSTRATE
0.100000 0.084358 0.010307
0.200000 0.049267 0.012160
0.250000 0.041455 0.012887
0.300000 0.036032 0.013524
0.350000 0.031950 0.014094
0.400000 0.028712 0.014606
0.450000 0.026119 0.015075
0.500000 0.023987 0.015510
0.600000 0.020671 0.016300
0.800000 0.016094 0.017620
1.000000 0.013094 0.018710
1.200000 0.010982 0.019655
A M4 OVER M3
0.100000 0.077110 0.022026
0.200000 0.040281 0.029042
0.250000 0.031959 0.031867
0.300000 0.026218 0.034325
0.350000 0.021947 0.036431
0.400000 0.018617 0.038207
0.450000 0.016026 0.039745
0.500000 0.013968 0.041086
0.600000 0.010943 0.043307
0.800000 0.007184 0.046214
1.000000 0.005108 0.047981
1.200000 0.003863 0.049201
A M4 OVER M2
0.100000 0.083023 0.012212
0.200000 0.047327 0.015188
0.250000 0.039246 0.016470
0.300000 0.033582 0.017649
0.350000 0.029287 0.018733
0.400000 0.025863 0.019727
0.450000 0.023110 0.020648
0.500000 0.020845 0.021505
0.600000 0.017332 0.023052
0.800000 0.012566 0.025504
1.000000 0.009578 0.027341
1.200000 0.007593 0.028778
A M4 OVER M1
0.100000 0.083929 0.010935
0.200000 0.048669 0.013137
0.250000 0.040787 0.014031
0.300000 0.035303 0.014831
0.350000 0.031167 0.015554
0.400000 0.027881 0.016210
0.450000 0.025246 0.016814
0.500000 0.023079 0.017377
0.600000 0.019706 0.018404
0.800000 0.015052 0.020104
1.000000 0.012018 0.021480
1.200000 0.009903 0.022642
A M4 OVER SUBSTRATE
0.100000 0.084400 0.010291
0.200000 0.049382 0.012101
0.250000 0.041620 0.012790
0.300000 0.036255 0.013381
0.350000 0.032235 0.013894
0.400000 0.029059 0.014344
0.450000 0.026530 0.014744
0.500000 0.024463 0.015107
0.600000 0.021273 0.015745
0.800000 0.016903 0.016759
1.000000 0.014055 0.017573
1.200000 0.012042 0.018280
A M5 OVER M4
0.100000 0.087288 0.023546
0.200000 0.047864 0.030422
0.250000 0.038757 0.033181
0.300000 0.032401 0.035587
0.350000 0.027617 0.037665
0.400000 0.023841 0.039440
0.450000 0.020860 0.041002
0.500000 0.018452 0.042389
0.600000 0.014818 0.044751
0.800000 0.010089 0.048069
1.000000 0.007301 0.050266
1.200000 0.005544 0.051859
A M5 OVER M3
0.100000 0.093220 0.013706
0.200000 0.054927 0.016548
0.250000 0.046064 0.017763
0.300000 0.039791 0.018881
0.350000 0.034996 0.019915
0.400000 0.031149 0.020868
0.450000 0.028034 0.021759
0.500000 0.025454 0.022595
0.600000 0.021412 0.024127
0.800000 0.015843 0.026638
1.000000 0.012266 0.028604
1.200000 0.009831 0.030198
A M5 OVER M2
0.100000 0.094134 0.012419
0.200000 0.056277 0.014487
0.250000 0.047611 0.015316
0.300000 0.041519 0.016055
0.350000 0.036885 0.016724
0.400000 0.033178 0.017336
0.450000 0.030185 0.017904
0.500000 0.027707 0.018437
0.600000 0.023819 0.019424
0.800000 0.018398 0.021109
1.000000 0.014817 0.022523
1.200000 0.012290 0.023750
A M5 OVER M1
0.100000 0.094459 0.011973
0.200000 0.056768 0.013770
0.250000 0.048185 0.014456
0.300000 0.042175 0.015050
0.350000 0.037619 0.015575
0.400000 0.033986 0.016043
0.450000 0.031064 0.016470
0.500000 0.028653 0.016864
0.600000 0.024885 0.017582
0.800000 0.019648 0.018793
1.000000 0.016181 0.019820
1.200000 0.013710 0.020736
A M5 OVER SUBSTRATE
0.100000 0.094726 0.011610
0.200000 0.057165 0.013200
0.250000 0.048648 0.013778
0.300000 0.042702 0.014262
0.350000 0.038211 0.014676
0.400000 0.034641 0.015033
0.450000 0.031781 0.015348
0.500000 0.029431 0.015631
0.600000 0.025779 0.016126
0.800000 0.020747 0.016913
1.000000 0.017447 0.017550
1.200000 0.015107 0.018116
A TM OVER M5
0.400000 0.108565 0.020333
0.800000 0.058824 0.026451
1.000000 0.047736 0.029032
1.200000 0.040055 0.031345
1.400000 0.034299 0.033401
1.600000 0.029762 0.035211
1.800000 0.026169 0.036835
2.000000 0.023256 0.038300
2.400000 0.018824 0.040849
3.200000 0.012938 0.044619
4.000000 0.009328 0.047291
4.800000 0.006949 0.049335
A TM OVER M4
0.400000 0.110939 0.016718
0.800000 0.061763 0.021161
1.000000 0.050811 0.023065
1.200000 0.043188 0.024803
1.400000 0.037444 0.026384
1.600000 0.032889 0.027815
1.800000 0.029245 0.029129
2.000000 0.026259 0.030341
2.400000 0.021644 0.032514
3.200000 0.015370 0.035940
4.000000 0.011389 0.038541
4.800000 0.008690 0.040621
A TM OVER M3
0.400000 0.112145 0.014979
0.800000 0.063373 0.018497
1.000000 0.052559 0.019988
1.200000 0.045037 0.021350
1.400000 0.039364 0.022599
1.600000 0.034857 0.023743
1.800000 0.031238 0.024806
2.000000 0.028259 0.025799
2.400000 0.023615 0.027616
3.200000 0.017209 0.030615
4.000000 0.013043 0.033016
4.800000 0.010153 0.035015
A TM OVER M2
0.400000 0.112819 0.013999
0.800000 0.064327 0.016955
1.000000 0.053627 0.018178
1.200000 0.046201 0.019287
1.400000 0.040605 0.020302
1.600000 0.036158 0.021235
1.800000 0.032586 0.022105
2.000000 0.029639 0.022925
2.400000 0.025028 0.024442
3.200000 0.018608 0.027032
4.000000 0.014364 0.029196
4.800000 0.011367 0.031061
A TM OVER M1
0.400000 0.113248 0.013388
0.800000 0.064953 0.015977
1.000000 0.054340 0.017018
1.200000 0.046990 0.017949
1.400000 0.041460 0.018796
1.600000 0.037071 0.019572
1.800000 0.033545 0.020297
2.000000 0.030636 0.020980
2.400000 0.026077 0.022256
3.200000 0.019695 0.024485
4.000000 0.015430 0.026413
4.800000 0.012378 0.028124
A TM OVER SUBSTRATE
0.400000 0.113729 0.012713
0.800000 0.065674 0.014882
1.000000 0.055172 0.015708
1.200000 0.047926 0.016425
1.400000 0.042492 0.017063
1.600000 0.038189 0.017639
1.800000 0.034740 0.018170
2.000000 0.031897 0.018670
2.400000 0.027445 0.019604
3.200000 0.021189 0.021283
4.000000 0.016961 0.022807
4.800000 0.013885 0.024227
A RDL OVER TM
2.000000 0.029327 0.104106
4.000000 0.009274 0.117813
5.000000 0.005854 0.121149
6.000000 0.003829 0.123064
7.000000 0.002639 0.124208
8.000000 0.001926 0.124970
9.000000 0.001474 0.125515
10.000000 0.001172 0.125933
12.000000 0.000780 0.126363
16.000000 0.000436 0.126728
20.000000 0.000287 0.126922
24.000000 0.000202 0.127016
A RDL OVER M5
2.000000 0.042384 0.034790
4.000000 0.018895 0.044019
5.000000 0.013687 0.047415
6.000000 0.010085 0.050024
7.000000 0.007564 0.052025
8.000000 0.005788 0.053586
9.000000 0.004514 0.054816
10.000000 0.003586 0.055802
12.000000 0.002302 0.057039
16.000000 0.001121 0.058235
20.000000 0.000665 0.058830
24.000000 0.000432 0.059090
A RDL OVER M4
2.000000 0.044126 0.030015
4.000000 0.020490 0.038355
5.000000 0.015140 0.041558
6.000000 0.011382 0.044108
7.000000 0.008698 0.046128
8.000000 0.006763 0.047749
9.000000 0.005344 0.049056
10.000000 0.004288 0.050122
12.000000 0.002797 0.051519
16.000000 0.001367 0.052941
20.000000 0.000800 0.053659
24.000000 0.000510 0.053976
A RDL OVER M3
2.000000 0.045564 0.026468
4.000000 0.021863 0.034049
5.000000 0.016418 0.037059
6.000000 0.012551 0.039521
7.000000 0.009745 0.041526
8.000000 0.007685 0.043171
9.000000 0.006148 0.044525
10.000000 0.004983 0.045647
12.000000 0.003307 0.047175
16.000000 0.001637 0.048805
20.000000 0.000951 0.049645
24.000000 0.000598 0.050024
A RDL OVER M2
2.000000 0.046825 0.023736
4.000000 0.023090 0.030670
5.000000 0.017577 0.033497
6.000000 0.013627 0.035861
7.000000 0.010726 0.037829
8.000000 0.008566 0.039475
9.000000 0.006928 0.040854
10.000000 0.005669 0.042014
12.000000 0.003828 0.043648
16.000000 0.001928 0.045467
20.000000 0.001119 0.046428
24.000000 0.000697 0.046873
A RDL OVER M1
2.000000 0.047833 0.021572
4.000000 0.024115 0.027947
5.000000 0.018565 0.030600
6.000000 0.014562 0.032860
7.000000 0.011595 0.034774
8.000000 0.009360 0.036402
9.000000 0.007645 0.037786
10.000000 0.006312 0.038966
12.000000 0.004332 0.040675
16.000000 0.002225 0.042654
20.000000 0.001296 0.043726
24.000000 0.000805 0.044236
A RDL OVER SUBSTRATE
2.000000 0.049377 0.018495
4.000000 0.025742 0.023994
5.000000 0.020160 0.026353
6.000000 0.016100 0.028415
7.000000 0.013051 0.030209
8.000000 0.010717 0.031773
9.000000 0.008895 0.033135
10.000000 0.007451 0.034320
12.000000 0.005261 0.036116
16.000000 0.002809 0.038333
20.000000 0.001660 0.039594
24.000000 0.001032 0.040228
B M1 OVER SUBSTRATE UNDER M2
0.090000 0.087185 0.023035
0.180000 0.045858 0.030781
0.225000 0.036239 0.034071
0.270000 0.029479 0.037018
0.315000 0.024457 0.039658
0.360000 0.020457 0.041951
0.405000 0.017247 0.043952
0.450000 0.014660 0.045722
0.540000 0.010799 0.048687
0.720000 0.006098 0.052794
0.900000 0.003510 0.055127
1.080000 0.002086 0.056595
B M1 OVER SUBSTRATE UNDER M3
0.090000 0.092589 0.014169
0.180000 0.052505 0.017937
0.225000 0.043218 0.019638
0.270000 0.036622 0.021247
0.315000 0.031630 0.022778
0.360000 0.027582 0.024218
0.405000 0.024249 0.025573
0.450000 0.021471 0.026855
0.540000 0.017097 0.029214
0.720000 0.011184 0.033112
0.900000 0.007422 0.035960
1.080000 0.005009 0.038079
B M1 OVER SUBSTRATE UNDER M4
0.090000 0.093321 0.013142
0.180000 0.053618 0.016245
0.225000 0.044509 0.017605
0.270000 0.038078 0.018877
0.315000 0.033235 0.020082
0.360000 0.029317 0.021217
0.405000 0.026094 0.022290
0.450000 0.023408 0.023313
0.540000 0.019158 0.025226
0.720000 0.013304 0.028529
0.900000 0.009422 0.031133
1.080000 0.006786 0.033217
B M1 OVER SUBSTRATE UNDER M5
0.090000 0.093549 0.012828
0.180000 0.053977 0.015719
0.225000 0.044935 0.016965
0.270000 0.038570 0.018120
0.315000 0.033793 0.019206
0.360000 0.029937 0.020223
0.405000 0.026771 0.021182
0.450000 0.024139 0.022094
0.540000 0.019984 0.023798
0.720000 0.014257 0.026759
0.900000 0.010421 0.029143
1.080000 0.007769 0.031102
B M1 OVER SUBSTRATE UNDER TM
0.090000 0.093733 0.012578
0.180000 0.054266 0.015303
0.225000 0.045278 0.016458
0.270000 0.038970 0.017519
0.315000 0.034249 0.018508
0.360000 0.030448 0.019428
0.405000 0.027337 0.020289
0.450000 0.024757 0.021104
0.540000 0.020702 0.022618
0.720000 0.015142 0.025234
0.900000 0.011420 0.027344
1.080000 0.008833 0.029098
B M1 OVER SUBSTRATE UNDER RDL
0.090000 0.093785 0.012508
0.180000 0.054347 0.015187
0.225000 0.045376 0.016317
0.270000 0.039083 0.017352
0.315000 0.034378 0.018314
0.360000 0.030594 0.019207
0.405000 0.027499 0.020041
0.450000 0.024935 0.020828
0.540000 0.020912 0.022287
0.720000 0.015411 0.024796
0.900000 0.011740 0.026810
1.080000 0.009195 0.028481
B M2 OVER M1 UNDER M3
0.100000 0.070057 0.033643
0.200000 0.031420 0.045964
0.250000 0.022600 0.050844
0.300000 0.016615 0.054938
0.350000 0.012304 0.058240
0.400000 0.009101 0.060790
0.450000 0.006773 0.062812
0.500000 0.005072 0.064416
0.600000 0.002901 0.066724
0.800000 0.000920 0.068789
1.000000 0.000304 0.069484
1.200000 0.000113 0.069819
B M2 OVER M1 UNDER M4
0.100000 0.075939 0.023627
0.200000 0.038413 0.031765
0.250000 0.029753 0.035168
0.300000 0.023696 0.038188
0.350000 0.019147 0.040817
0.400000 0.015583 0.043056
0.450000 0.012799 0.045002
0.500000 0.010589 0.046697
0.600000 0.007373 0.049465
0.800000 0.003606 0.052864
1.000000 0.001807 0.054641
1.200000 0.000942 0.055670
B M2 OVER M1 UNDER M5
0.100000 0.076779 0.022436
0.200000 0.039675 0.029813
0.250000 0.031198 0.032849
0.300000 0.025294 0.035531
0.350000 0.020863 0.037866
0.400000 0.017380 0.039864
0.450000 0.014646 0.041617
0.500000 0.012456 0.043162
0.600000 0.009203 0.045746
0.800000 0.005175 0.049151
1.000000 0.003025 0.051158
1.200000 0.001832 0.052452
B M2 OVER M1 UNDER TM
0.100000 0.077185 0.021877
0.200000 0.040320 0.028865
0.250000 0.031961 0.031698
0.300000 0.026170 0.034180
0.350000 0.021841 0.036325
0.400000 0.018448 0.038152
0.450000 0.015790 0.039749
0.500000 0.013664 0.041155
0.600000 0.010504 0.043512
0.800000 0.006525 0.046674
1.000000 0.004305 0.048629
1.200000 0.002983 0.049971
B M2 OVER M1 UNDER RDL
0.100000 0.077258 0.021777
0.200000 0.040439 0.028694
0.250000 0.032103 0.031490
0.300000 0.026335 0.033934
0.350000 0.022028 0.036042
0.400000 0.018656 0.037833
0.450000 0.016018 0.039396
0.500000 0.013911 0.040770
0.600000 0.010783 0.043070
0.800000 0.006850 0.046146
1.000000 0.004658 0.048046
1.200000 0.003348 0.049354
B M2 OVER SUBSTRATE UNDER M3
0.100000 0.076481 0.023162
0.200000 0.039306 0.030963
0.250000 0.030806 0.034189
0.300000 0.024898 0.037028
0.350000 0.020475 0.039479
0.400000 0.017012 0.041556
0.450000 0.014308 0.043358
0.500000 0.012157 0.044928
0.600000 0.008994 0.047517
0.800000 0.005122 0.050840
1.000000 0.003069 0.052767
1.200000 0.001919 0.054017
B M2 OVER SUBSTRATE UNDER M4
0.100000 0.082433 0.013061
0.200000 0.046421 0.016585
0.250000 0.038175 0.018159
0.300000 0.032345 0.019639
0.350000 0.027883 0.021026
0.400000 0.024296 0.022318
0.450000 0.021386 0.023532
0.500000 0.018970 0.024675
0.600000 0.015180 0.026767
0.800000 0.009993 0.030118
1.000000 0.006758 0.032601
1.200000 0.004668 0.034473
B M2 OVER SUBSTRATE UNDER M5
0.100000 0.083303 0.011832
0.200000 0.047725 0.014577
0.250000 0.039677 0.015759
0.300000 0.034025 0.016856
0.350000 0.029719 0.017880
0.400000 0.026265 0.018838
0.450000 0.023464 0.019744
0.500000 0.021133 0.020608
0.600000 0.017450 0.022223
0.800000 0.012276 0.024982
1.000000 0.008872 0.027223
1.200000 0.006526 0.029061
B M2 OVER SUBSTRATE UNDER TM
0.100000 0.083751 0.011217
0.200000 0.048426 0.013554
0.250000 0.040507 0.014516
0.300000 0.034983 0.015387
0.350000 0.030803 0.016183
0.400000 0.027468 0.016916
0.450000 0.024781 0.017600
0.500000 0.022558 0.018247
0.600000 0.019067 0.019449
0.800000 0.014168 0.021516
1.000000 0.010903 0.023255
1.200000 0.008584 0.024757
B M2 OVER SUBSTRATE UNDER RDL
0.100000 0.083846 0.011089
0.200000 0.048574 0.013343
0.250000 0.040683 0.014261
0.300000 0.035187 0.015086
0.350000 0.031036 0.015835
0.400000 0.027730 0.016520
0.450000 0.025071 0.017156
0.500000 0.022877 0.017753
0.600000 0.019442 0.018856
0.800000 0.014649 0.020732
1.000000 0.011475 0.022297
1.200000 0.009230 0.023644
B M3 OVER M2 UNDER M4
0.100000 0.070057 0.033643
0.200000 0.031420 0.045964
0.250000 0.022600 0.050844
0.300000 0.016615 0.054938
0.350000 0.012304 0.058240
0.400000 0.009101 0.060790
0.450000 0.006773 0.062812
0.500000 0.005072 0.064416
0.600000 0.002901 0.066724
0.800000 0.000920 0.068789
1.000000 0.000304 0.069484
1.200000 0.000113 0.069819
B M3 OVER M2 UNDER M5
0.100000 0.075939 0.023627
0.200000 0.038413 0.031765
0.250000 0.029753 0.035168
0.300000 0.023696 0.038188
0.350000 0.019147 0.040817
0.400000 0.015583 0.043056
0.450000 0.012799 0.045002
0.500000 0.010589 0.046697
0.600000 0.007373 0.049465
0.800000 0.003606 0.052864
1.000000 0.001807 0.054641
1.200000 0.000942 0.055670
B M3 OVER M2 UNDER TM
0.100000 0.077086 0.022014
0.200000 0.040168 0.029093
0.250000 0.031783 0.031973
0.300000 0.025969 0.034500
0.350000 0.021619 0.036686
0.400000 0.018209 0.038550
0.450000 0.015537 0.040180
0.500000 0.013400 0.041614
0.600000 0.010226 0.044017
0.800000 0.006246 0.047224
1.000000 0.004047 0.049186
1.200000 0.002753 0.050518
B M3 OVER M2 UNDER RDL
0.100000 0.077210 0.021846
0.200000 0.040366 0.028807
0.250000 0.032020 0.031624
0.300000 0.026243 0.034087
0.350000 0.021929 0.036212
0.400000 0.018553 0.038018
0.450000 0.015912 0.039594
0.500000 0.013803 0.040977
0.600000 0.010677 0.043290
0.800000 0.006760 0.046370
1.000000 0.004587 0.048261
1.200000 0.003297 0.049555
B M3 OVER M1 UNDER M4
0.100000 0.075849 0.023981
0.200000 0.038271 0.032388
0.250000 0.029582 0.035924
0.300000 0.023504 0.039059
0.350000 0.018940 0.041779
0.400000 0.015368 0.044084
0.450000 0.012585 0.046077
0.500000 0.010384 0.047801
0.600000 0.007195 0.050597
0.800000 0.003492 0.053976
1.000000 0.001743 0.055716
1.200000 0.000907 0.056718
B M3 OVER M1 UNDER M5
0.100000 0.081782 0.013903
0.200000 0.045360 0.018044
0.250000 0.036914 0.019946
0.300000 0.030894 0.021755
0.350000 0.026263 0.023459
0.400000 0.022530 0.025047
0.450000 0.019497 0.026535
0.500000 0.016981 0.027927
0.600000 0.013059 0.030436
0.800000 0.007846 0.034261
1.000000 0.004792 0.036866
1.200000 0.002983 0.038661
B M3 OVER M1 UNDER TM
0.100000 0.082962 0.012249
0.200000 0.047163 0.015309
0.250000 0.039012 0.016656
0.300000 0.033266 0.017914
0.350000 0.028883 0.019091
0.400000 0.025367 0.020188
0.450000 0.022520 0.021220
0.500000 0.020159 0.022193
0.600000 0.016455 0.023983
0.800000 0.011361 0.026908
1.000000 0.008125 0.029152
1.200000 0.005970 0.030912
B M3 OVER M1 UNDER RDL
0.100000 0.083099 0.012063
0.200000 0.047380 0.014997
0.250000 0.039271 0.016275
0.300000 0.033569 0.017462
0.350000 0.029228 0.018566
0.400000 0.025756 0.019589
0.450000 0.022950 0.020547
0.500000 0.020630 0.021448
0.600000 0.017004 0.023096
0.800000 0.012040 0.025769
1.000000 0.008896 0.027813
1.200000 0.006800 0.029423
B M3 OVER SUBSTRATE UNDER M4
0.100000 0.076891 0.022512
0.200000 0.039847 0.029984
0.250000 0.031395 0.033066
0.300000 0.025522 0.035777
0.350000 0.021122 0.038122
0.400000 0.017672 0.040114
0.450000 0.014974 0.041849
0.500000 0.012821 0.043366
0.600000 0.009638 0.045886
0.800000 0.005693 0.049177
1.000000 0.003555 0.051137
1.200000 0.002324 0.052440
B M3 OVER SUBSTRATE UNDER M5
0.100000 0.082850 0.012401
0.200000 0.046975 0.015588
0.250000 0.038784 0.017006
0.300000 0.032999 0.018338
0.350000 0.028577 0.019588
0.400000 0.025025 0.020755
0.450000 0.022143 0.021856
0.500000 0.019751 0.022895
0.600000 0.015993 0.024807
0.800000 0.010827 0.027919
1.000000 0.007561 0.030284
1.200000 0.005409 0.032114
B M3 OVER SUBSTRATE UNDER TM
0.100000 0.084075 0.010688
0.200000 0.048834 0.012777
0.250000 0.040944 0.013628
0.300000 0.035442 0.014396
0.350000 0.031281 0.015098
0.400000 0.027963 0.015744
0.450000 0.025291 0.016348
0.500000 0.023080 0.016919
0.600000 0.019609 0.017983
0.800000 0.014743 0.019832
1.000000 0.011491 0.021415
1.200000 0.009163 0.022808
B M3 OVER SUBSTRATE UNDER RDL
0.100000 0.084237 0.010469
0.200000 0.049084 0.012419
0.250000 0.041240 0.013197
0.300000 0.035785 0.013887
0.350000 0.031670 0.014510
0.400000 0.028400 0.015076
0.450000 0.025773 0.015600
0.500000 0.023609 0.016089
0.600000 0.020229 0.016990
0.800000 0.015528 0.018525
1.000000 0.012414 0.019821
1.200000 0.010196 0.020963
B M4 OVER M3 UNDER M5
0.100000 0.070057 0.033643
0.200000 0.031420 0.045964
0.250000 0.022600 0.050844
0.300000 0.016615 0.054938
0.350000 0.012304 0.058240
0.400000 0.009101 0.060790
0.450000 0.006773 0.062812
0.500000 0.005072 0.064416
0.600000 0.002901 0.066724
0.800000 0.000920 0.068789
1.000000 0.000304 0.069484
1.200000 0.000113 0.069819
B M4 OVER M3 UNDER TM
0.100000 0.076803 0.022445
0.200000 0.039789 0.029753
0.250000 0.031373 0.032732
0.300000 0.025540 0.035344
0.350000 0.021181 0.037599
0.400000 0.017771 0.039514
0.450000 0.015106 0.041183
0.500000 0.012982 0.042645
0.600000 0.009843 0.045078
0.800000 0.005940 0.048281
1.000000 0.003804 0.050213
1.200000 0.002553 0.051519
B M4 OVER M3 UNDER RDL
0.100000 0.077019 0.022149
0.200000 0.040136 0.029250
0.250000 0.031787 0.032120
0.300000 0.026018 0.034623
0.350000 0.021721 0.036773
0.400000 0.018366 0.038590
0.450000 0.015752 0.040167
0.500000 0.013674 0.041545
0.600000 0.010611 0.043831
0.800000 0.006796 0.046837
1.000000 0.004685 0.048671
1.200000 0.003417 0.049937
B M4 OVER M2 UNDER M5
0.100000 0.075849 0.023981
0.200000 0.038271 0.032388
0.250000 0.029582 0.035924
0.300000 0.023504 0.039059
0.350000 0.018940 0.041779
0.400000 0.015368 0.044084
0.450000 0.012585 0.046077
0.500000 0.010384 0.047801
0.600000 0.007195 0.050597
0.800000 0.003492 0.053976
1.000000 0.001743 0.055716
1.200000 0.000907 0.056718
B M4 OVER M2 UNDER TM
0.100000 0.082674 0.012686
0.200000 0.046775 0.015980
0.250000 0.038589 0.017433
0.300000 0.032818 0.018790
0.350000 0.028416 0.020056
0.400000 0.024887 0.021230
0.450000 0.022032 0.022330
0.500000 0.019668 0.023364
0.600000 0.015967 0.025254
0.800000 0.010892 0.028304
1.000000 0.007686 0.030612
1.200000 0.005564 0.032405
B M4 OVER M2 UNDER RDL
0.100000 0.082911 0.012363
0.200000 0.047151 0.015439
0.250000 0.039037 0.016774
0.300000 0.033340 0.018008
0.350000 0.029010 0.019149
0.400000 0.025552 0.020199
0.450000 0.022767 0.021176
0.500000 0.020469 0.022089
0.600000 0.016893 0.023745
0.800000 0.012015 0.026396
1.000000 0.008934 0.028403
1.200000 0.006875 0.029984
B M4 OVER M1 UNDER M5
0.100000 0.076677 0.022807
0.200000 0.039508 0.030481
0.250000 0.030994 0.033667
0.300000 0.025062 0.036481
0.350000 0.020609 0.038924
0.400000 0.017113 0.041004
0.450000 0.014375 0.042818
0.500000 0.012189 0.044405
0.600000 0.008961 0.047036
0.800000 0.004999 0.050439
1.000000 0.002909 0.052409
1.200000 0.001758 0.053670
B M4 OVER M1 UNDER TM
0.100000 0.083540 0.011463
0.200000 0.048064 0.014003
0.250000 0.040070 0.015078
0.300000 0.034472 0.016066
0.350000 0.030223 0.016981
0.400000 0.026824 0.017829
0.450000 0.024078 0.018628
0.500000 0.021801 0.019384
0.600000 0.018216 0.020795
0.800000 0.013188 0.023211
1.000000 0.009855 0.025209
1.200000 0.007517 0.026893
B M4 OVER M1 UNDER RDL
0.100000 0.083795 0.011116
0.200000 0.048464 0.013429
0.250000 0.040544 0.014382
0.300000 0.035023 0.015243
0.350000 0.030849 0.016028
0.400000 0.027526 0.016747
0.450000 0.024854 0.017414
0.500000 0.022649 0.018041
0.600000 0.019203 0.019193
0.800000 0.014411 0.021136
1.000000 0.011254 0.022737
1.200000 0.009030 0.024104
B M4 OVER SUBSTRATE UNDER M5
0.100000 0.077032 0.022316
0.200000 0.040067 0.029657
0.250000 0.031652 0.032672
0.300000 0.025814 0.035319
0.350000 0.021445 0.037604
0.400000 0.018021 0.039543
0.450000 0.015344 0.041230
0.500000 0.013208 0.042706
0.600000 0.010048 0.045160
0.800000 0.006107 0.048386
1.000000 0.003941 0.050338
1.200000 0.002666 0.051659
B M4 OVER SUBSTRATE UNDER TM
0.100000 0.083940 0.010912
0.200000 0.048682 0.013099
0.250000 0.040798 0.013987
0.300000 0.035309 0.014782
0.350000 0.031165 0.015503
0.400000 0.027868 0.016160
0.450000 0.025218 0.016770
0.500000 0.023031 0.017341
0.600000 0.019608 0.018398
0.800000 0.014814 0.020213
1.000000 0.011603 0.021763
1.200000 0.009293 0.023135
B M4 OVER SUBSTRATE UNDER RDL
0.100000 0.084226 0.010526
0.200000 0.049121 0.012471
0.250000 0.041315 0.013230
0.300000 0.035906 0.013893
0.350000 0.031842 0.014478
0.400000 0.028623 0.014999
0.450000 0.026051 0.015472
0.500000 0.023941 0.015907
0.600000 0.020666 0.016689
0.800000 0.016134 0.017987
1.000000 0.013134 0.019072
1.200000 0.010981 0.020042
B M5 OVER M4 UNDER TM
0.100000 0.086708 0.024337
0.200000 0.046937 0.031754
0.250000 0.037652 0.034804
0.300000 0.031118 0.037506
0.350000 0.026163 0.039874
0.400000 0.022230 0.041925
0.450000 0.019102 0.043750
0.500000 0.016561 0.045383
0.600000 0.012702 0.048185
0.800000 0.007703 0.052121
1.000000 0.004835 0.054653
1.200000 0.003122 0.056393
B M5 OVER M4 UNDER RDL
0.100000 0.087162 0.023718
0.200000 0.047665 0.030707
0.250000 0.038521 0.033527
0.300000 0.032127 0.035995
0.350000 0.027306 0.038135
0.400000 0.023496 0.039968
0.450000 0.020480 0.041587
0.500000 0.018041 0.043029
0.600000 0.014349 0.045493
0.800000 0.009529 0.048974
1.000000 0.006679 0.051291
1.200000 0.004880 0.052971
B M5 OVER M3 UNDER TM
0.100000 0.092582 0.014572
0.200000 0.053921 0.017987
0.250000 0.044863 0.019516
0.300000 0.038393 0.020963
0.350000 0.033400 0.022332
0.400000 0.029358 0.023622
0.450000 0.026055 0.024849
0.500000 0.023292 0.026018
0.600000 0.018911 0.028196
0.800000 0.012808 0.031824
1.000000 0.008892 0.034644
1.200000 0.006288 0.036849
B M5 OVER M3 UNDER RDL
0.100000 0.093067 0.013913
0.200000 0.054690 0.016886
0.250000 0.045782 0.018172
0.300000 0.039465 0.019364
0.350000 0.034624 0.020472
0.400000 0.030731 0.021502
0.450000 0.027572 0.022469
0.500000 0.024946 0.023382
0.600000 0.020817 0.025067
0.800000 0.015087 0.027867
1.000000 0.011372 0.030089
1.200000 0.008823 0.031906
B M5 OVER M2 UNDER TM
0.100000 0.093443 0.013354
0.200000 0.055203 0.016019
0.250000 0.046335 0.017173
0.300000 0.040038 0.018252
0.350000 0.035197 0.019271
0.400000 0.031286 0.020235
0.450000 0.028091 0.021160
0.500000 0.025417 0.022050
0.600000 0.021154 0.023743
0.800000 0.015103 0.026722
1.000000 0.011063 0.029223
1.200000 0.008239 0.031324
B M5 OVER M2 UNDER RDL
0.100000 0.093954 0.012662
0.200000 0.056004 0.014874
0.250000 0.047290 0.015780
0.300000 0.041149 0.016599
0.350000 0.036465 0.017350
0.400000 0.032708 0.018045
0.450000 0.029665 0.018697
0.500000 0.027137 0.019316
0.600000 0.023148 0.020476
0.800000 0.017537 0.022500
1.000000 0.013781 0.024236
1.200000 0.011099 0.025763
B M5 OVER M1 UNDER TM
0.100000 0.093722 0.012971
0.200000 0.055633 0.015387
0.250000 0.046841 0.016409
0.300000 0.040618 0.017353
0.350000 0.035850 0.018237
0.400000 0.032007 0.019068
0.450000 0.028877 0.019861
0.500000 0.026262 0.020624
0.600000 0.022103 0.022075
0.800000 0.016190 0.024660
1.000000 0.012204 0.026887
1.200000 0.009367 0.028817
B M5 OVER M1 UNDER RDL
0.100000 0.094254 0.012249
0.200000 0.056462 0.014204
0.250000 0.047826 0.014973
0.300000 0.041762 0.015654
0.350000 0.037153 0.016266
0.400000 0.033467 0.016823
0.450000 0.030492 0.017340
0.500000 0.028027 0.017825
0.600000 0.024152 0.018727
0.800000 0.018707 0.020305
1.000000 0.015045 0.021689
1.200000 0.012395 0.022948
B M5 OVER SUBSTRATE UNDER TM
0.100000 0.093914 0.012708
0.200000 0.055931 0.014956
0.250000 0.047194 0.015888
0.300000 0.041026 0.016738
0.350000 0.036312 0.017526
0.400000 0.032523 0.018261
0.450000 0.029446 0.018957
0.500000 0.026883 0.019623
0.600000 0.022821 0.020882
0.800000 0.017070 0.023118
1.000000 0.013195 0.025056
1.200000 0.010421 0.026762
B M5 OVER SUBSTRATE UNDER RDL
0.100000 0.094478 0.011945
0.200000 0.056800 0.013717
0.250000 0.048223 0.014390
0.300000 0.042217 0.014971
0.350000 0.037666 0.015482
0.400000 0.034038 0.015937
0.450000 0.031118 0.016351
0.500000 0.028709 0.016733
0.600000 0.024939 0.017429
0.800000 0.019680 0.018616
1.000000 0.016163 0.019649
1.200000 0.013617 0.020601
B TM OVER M5 UNDER RDL
0.400000 0.100542 0.032775
0.800000 0.048111 0.045292
1.000000 0.036081 0.050625
1.200000 0.027726 0.055338
1.400000 0.021533 0.059376
1.600000 0.016774 0.062728
1.800000 0.013152 0.065550
2.000000 0.010369 0.067917
2.400000 0.006544 0.071569
3.200000 0.002566 0.075429
4.000000 0.001030 0.077053
4.800000 0.000444 0.077883
B TM OVER M4 UNDER RDL
0.400000 0.102876 0.029209
0.800000 0.050994 0.040080
1.000000 0.039066 0.044795
1.200000 0.030715 0.049033
1.400000 0.024454 0.052749
1.600000 0.019572 0.055922
1.800000 0.015782 0.058667
2.000000 0.012802 0.061033
2.400000 0.008549 0.064829
3.200000 0.003797 0.069240
4.000000 0.001721 0.071352
4.800000 0.000820 0.072500
B TM OVER M3 UNDER RDL
0.400000 0.104053 0.027509
0.800000 0.052562 0.037472
1.000000 0.040756 0.041803
1.200000 0.032477 0.045718
1.400000 0.026243 0.049184
1.600000 0.021350 0.052182
1.800000 0.017516 0.054812
2.000000 0.014465 0.057114
2.400000 0.010020 0.060892
3.200000 0.004831 0.065548
4.000000 0.002380 0.067970
4.800000 0.001221 0.069359
B TM OVER M2 UNDER RDL
0.400000 0.104702 0.026561
0.800000 0.053484 0.035975
1.000000 0.041782 0.040055
1.200000 0.033579 0.043748
1.400000 0.027395 0.047030
1.600000 0.022526 0.049886
1.800000 0.018694 0.052410
2.000000 0.015625 0.054638
2.400000 0.011100 0.058345
3.200000 0.005667 0.063089
4.000000 0.002965 0.065700
4.800000 0.001607 0.067262
B TM OVER M1 UNDER RDL
0.400000 0.105108 0.025979
0.800000 0.054081 0.035035
1.000000 0.042458 0.038944
1.200000 0.034321 0.042481
1.400000 0.028185 0.045626
1.600000 0.023348 0.048372
1.800000 0.019532 0.050808
2.000000 0.016466 0.052968
2.400000 0.011912 0.056595
3.200000 0.006342 0.061352
4.000000 0.003471 0.064076
4.800000 0.001963 0.065759
B TM OVER SUBSTRATE UNDER RDL
0.400000 0.105551 0.025353
0.800000 0.054754 0.034004
1.000000 0.043234 0.037713
1.200000 0.035187 0.041059
1.400000 0.029126 0.044032
1.600000 0.024345 0.046630
1.800000 0.020568 0.048941
2.000000 0.017526 0.050999
2.400000 0.012978 0.054484
3.200000 0.007300 0.059179
4.000000 0.004247 0.061996
4.800000 0.002553 0.063818
